368829 268583
487200 291447
368315 259077
361263 263388
361280 250131
352566 256969
401113 250939
439126 253871
360267 241556
375107 260587
443949 289777
362522 265659
391575 291714
363402 260497
371171 276198
373146 255240
372761 277613
350354 243753
362407 256578
373894 247485
388727 266703
459691 321335
514279 336566
385556 276571
375013 266619
327230 223068
413058 283187
428610 276910
452834 262209
361893 265878
381614 253739
488383 291509
399223 303364
375011 274198
382094 268624
339365 229220
378921 263099
341059 245094
374624 250820
344993 241206
368609 260287
351767 249741
393141 283692
350065 231021
340447 243874
314570 210523
391492 284933
325616 224621
352162 256951
358672 229928
397767 237752
352174 256548
393968 284931
373533 266788
387697 270496
330826 219474
408571 255941
368474 256629
627772 326426
373303 226757
438256 270213
355952 245772
387248 265062
353378 257452
319098 222070
342941 246561
404466 303749
356102 251285
413350 279858
413390 305647
445246 276446
365489 271587
362225 260750
628047 348190
330493 237699
433050 277780
338451 242649
360293 269542
366242 258606
437883 249014
367970 253466
342774 249931
456839 271608
493562 325435
350021 254805
353372 261290
361735 252320
372104 261048
430883 278743
347512 249016
373984 267471
388759 265420
344699 249431
341192 236914
380760 284563
356120 261040
395135 272602
390324 282020
433807 280403
364038 255341
446391 281411
450114 282762
449827 285931
352010 255166
367954 261642
343668 235281
334438 232350
405499 289575
336203 228154
371396 271107
361461 261428
360792 250936
377021 255133
328733 234517
421014 265174
358063 259883
441627 268186
380257 280785
410086 253081
360444 245719
384882 287219
365857 268955
363357 264603
367421 258803
386324 269613
376619 244396
341225 245145
352726 253558
329219 235441
338646 242143
359166 259373
349597 252620
355913 250475
424191 257638
314188 218487
373062 262641
623125 340562
376234 268998
380242 276497
366940 258589
437174 281406
347790 230703
427535 262688
432264 275212
423952 264736
464431 317923
398538 268100
373832 253301
366846 243761
372874 278768
360193 256206
377497 265033
359753 259405
346395 249889
356920 261144
466928 287435
348946 232065
381880 262564
392766 286693
334842 239784
329450 227559
385722 270472
361207 265273
355389 257473
395596 251722
353701 259951
490225 285322
357539 257904
355712 262339
445603 266163
451467 288408
387787 280997
344248 243014
376116 257644
365342 258111
373272 253048
392188 269425
402368 280464
416173 296502
354038 248633
439895 277162
316201 224852
369667 269165
450982 297952
379801 246827
355727 248948
435365 273201
373780 275294
341340 242616
366374 267269
417850 263411
434912 259901
350154 250570
400655 261789
379617 280192
440595 263071
369869 272122
374871 243689
367039 270859
328400 234620
430989 258789
478638 277603
373710 271152
347652 248381
380609 272791
369498 273021
486833 307239
682721 395856
375317 252938
422070 269276
442825 253150
358967 259976
395379 294915
367537 267440
351823 249642
353358 252419
363975 264357
453074 270815
338216 242906
355061 255909
431913 271050
357918 255070
348393 249577
497304 293365
366879 267365
360183 261985
362994 265293
364690 268721
455930 292894
420483 264679
358847 250225
428341 255159
346330 249701
377644 280999
456888 278281
363255 263993
375164 266161
358958 258952
365608 255446
369269 271954
392734 297053
351197 253540
366067 243522
370894 263475
360144 255928
454434 258591
368472 268826
343060 246914
351223 252766
373749 266838
407133 284167
382393 265891
396191 298249
377500 268144
630047 339110
436345 274000
436624 251486
343983 245631
380577 265911
382782 284192
362232 256188
372160 276921
373865 256610
352332 255808
435207 272034
410256 286252
365949 264878
350854 253953
376529 259592
427190 309813
433355 267461
406871 290987
359215 266398
410243 245766
386522 269513
365343 246319
502900 291412
431867 267620
322049 219724
410821 305698
384460 275376
431824 266552
356715 248236
362989 251422
376392 274606
385520 248587
378719 272515
341191 247252
352267 248951
336582 239610
456322 283044
450502 342297
347387 250423
401419 255437
373199 270288
385425 270796
351016 252257
440124 272409
342187 248994
375549 280296
442725 281618
366204 258328
388196 294962
347616 248617
415998 257329
431568 271670
362427 263470
452277 269773
440911 238391
375023 276808
460406 302700
404387 291465
447809 286265
366223 258136
362859 255096
343375 247531
375005 266532
364186 247646
337292 238803
392328 262722
395334 294667
442523 331868
388541 288817
451753 300953
351816 253366
459267 294789
337716 243648
441444 286100
381959 272918
435575 267726
493824 307180
380931 286434
432907 276401
431388 282423
473863 299762
511431 320505
550545 307579
356040 249107
518350 317680
456304 303272
444231 283943
461559 288900
370541 253994
356649 261089
346512 245465
365622 266352
452536 290626
403004 287170
394564 296547
381102 281945
473588 313314
454920 275988
342362 237955
379938 249440
422728 308332
373552 277540
349088 256358
637517 342111
369046 272250
356079 250362
427590 270504
383276 264016
511710 285987
337916 241972
360650 256554
364232 260706
361775 254988
507593 274732
351412 253936
353437 245836
362972 268243
374099 279070
369376 276157
370941 262374
437077 276731
370688 274922
361734 253658
433566 262021
364343 268975
602708 338258
377509 268714
365134 252711
374618 266166
365127 254240
418403 276243
412972 299709
382697 260604
499953 279260
383346 275861
390956 265448
384624 268361
346006 246734
375765 278550
456910 309290
398565 269519
386000 269306
421628 251224
407328 270331
403169 261050
514626 317514
377119 238590
333397 230676
330457 224065
534743 323895
396036 272958
467586 269372
419574 290882
407444 268672
448243 265341
399448 273941
405676 243030
352460 235789
358990 245888
399890 277520
531765 300390
351710 230069
444980 281246
476646 280188
516667 275120
445975 285442
412551 287011
383745 244142
392108 244853
381589 238954
507742 295143
426129 270086
351233 227484
369894 241341
349911 241826
399166 267643
356504 231748
433897 266600
394808 260458
426303 271079
369418 228462
1804090 245779
398509 273911
388431 269993
445444 279692
489142 295701
356315 258740
311793 220117
323668 231830
352763 244126
479669 299733
366833 238321
371285 267570
475062 290890
370419 272165
383788 284050
393446 274121
465346 282518
351757 254526
389723 281471
348196 253370
426222 319090
397828 277674
407863 286417
365232 239331
458981 275353
378314 249035
416379 269189
346245 250875
341718 246943
346018 237714
358105 251673
487773 304047
468917 274733
392766 267136
394535 268404
463514 263439
389226 255948
479123 272290
402438 268883
389482 265907
507567 274149
412738 239516
418605 289895
404033 244889
394136 274261
399278 245609
397780 264118
387791 252888
392165 253494
500926 288658
453259 339429
412204 275688
434687 264334
393414 273049
393872 261250
492878 269447
415748 268791
425740 279602
399674 260252
494533 282118
377165 248268
364645 240044
416602 246631
373497 247740
416448 263782
405846 271261
380257 261148
658347 348492
420233 263618
455164 294168
555775 340692
409157 250265
400556 267525
396011 271197
398083 258581
395643 246243
454952 254655
478442 248708
402431 265283
379117 248731
405966 279173
573533 282384
530968 363049
417736 277936
365639 229019
508223 320472
380824 244571
485577 281182
408408 265403
397802 262656
324259 228574
402078 241634
409907 253296
348161 244973
403394 267826
401734 251538
481699 293080
341827 237589
404434 290726
362520 244881
382020 243024
380910 273008
473067 284027
346909 240344
377627 278790
349357 252901
374482 277252
364469 266561
379039 273391
381416 267346
338820 245028
518619 285385
352430 254096
368885 271201
357336 250106
341476 244245
349578 250158
435134 277515
353678 257012
341282 243714
426914 272286
365252 259793
361320 261558
361085 265658
363689 267766
502405 296549
355177 250147
398815 276110
366646 252911
340312 246577
379310 279520
356475 259426
453381 301317
356580 254806
462285 276201
377395 277313
346936 248537
340828 243851
531762 285227
369362 274092
403673 242496
364020 266341
442565 284420
400836 310424
376999 266546
362593 258186
388274 262649
365091 259775
382426 260051
497517 327630
446777 287788
352151 252782
445857 285980
445734 285733
359936 258947
374580 262531
347631 246554
447489 339542
349701 246869
357363 257723
481105 309390
426985 277338
430172 273767
376397 269111
368627 257685
379851 279302
386824 270623
493860 278282
387817 284405
366465 264617
468380 306357
363219 264238
478636 288337
400579 262381
346975 248928
375454 277028
390066 279752
390857 293262
350912 252823
365397 268832
476768 290082
372799 276138
468159 290052
361057 264563
346168 248466
364507 266321
424545 303507
384492 287545
633965 340647
387916 258570
454206 285300
470714 304185
427215 273333
428410 269439
401569 265857
530959 311852
383421 289361
348677 250160
350946 254341
347106 243979
362995 255466
443755 294152
395780 279170
351394 253416
406785 308439
481182 308995
380479 267337
343904 246835
373230 248726
340556 242594
351869 247326
394365 273904
432674 259323
373379 281076
370818 271970
390306 261014
328129 235990
392850 266168
374046 268041
373836 269342
354794 254795
342466 244093
353279 251999
399460 276188
520337 263653
383706 249734
393696 278657
427463 272684
400751 274364
457756 256381
517792 328641
385217 257129
432305 297876
400973 246126
375826 254944
443511 317989
509877 309327
420323 258389
383056 236132
455383 303519
395185 249058
477055 275172
360897 240174
522315 328375
380426 263460
407987 255373
403750 276614
361171 237737
488823 326297
403199 262052
412205 282102
484578 293716
405250 246307
463259 260676
385106 254275
377365 242973
366704 262008
436727 270106
367629 260033
395950 300129
374315 263240
370536 272403
448769 288024
367398 257758
370452 258705
361200 254359
385446 246322
316183 226276
468002 316409
421003 317651
330123 241207
436193 262415
414004 239674
410540 311806
435568 312657
401876 269289
366042 273230
384102 242524
384266 244310
386603 254693
368597 273273
354117 261513
319233 229626
356739 254174
377346 269582
454444 309858
400776 269036
387408 253304
388441 258738
402187 261740
392241 233703
520271 295520
374035 247848
408754 276678
351602 242801
396483 269415
384213 237859
464243 315036
369426 249069
385217 236199
409845 259156
416338 297359
376441 246950
354365 255113
354525 261854
4331081 276904
363971 272022
344133 249522
312284 223270
366265 261328
382023 255034
347303 250274
471228 263375
422865 272269
345227 250177
341946 235866
416558 277743
354367 262510
366772 263423
355840 264667
336759 233447
515337 290931
361057 259038
447098 273232
406470 261673
331195 239974
325407 236767
419545 280536
344090 241956
311817 219104
370859 271812
345451 250427
413828 263311
376674 257921
410471 258692
349876 218752
392997 263093
379018 246992
443171 271341
397281 258923
384989 257243
407612 277937
453744 260062
414983 240343
398672 261817
422497 262766
376048 235524
460633 299752
394091 270988
410582 255599
480884 263991
486202 286806
409270 260021
401011 252288
488968 285167
435475 264751
386239 238390
394174 273644
419430 277846
369127 248480
466599 274308
385223 252544
412747 283821
385192 247494
428149 272381
363354 265698
373238 243469
383838 247551
422210 270850
408569 284935
393720 252957
397663 252838
379159 227485
351721 250085
371615 261127
343032 241245
361981 256488
407489 268813
364549 260997
332424 226728
426769 240356
370959 233672
364200 269959
475623 302665
379854 274175
353135 260228
419514 303309
389991 270510
359573 268871
336837 242538
352855 246582
373727 270471
350866 259550
360741 246637
335153 222302
330969 239290
448277 292887
629524 347857
337090 243345
360979 265551
608616 337291
343722 247486
360134 265353
363127 255107
346794 252149
339143 246861
364656 249662
388904 277361
349624 256929
352741 260089
394280 298559
342282 242378
370359 276620
376101 259653
369649 251002
419285 305036
349499 253272
406504 296669
456664 277987
420225 255218
362093 257978
400698 302905
346815 255838
405141 241508
364027 263341
340780 237889
342828 252146
335279 244986
352055 260221
399562 272801
315567 217322
420090 253842
395409 285194
352619 257356
349763 246546
386177 235551
336997 232717
348326 258070
331181 233462
374127 226821
454244 310153
403628 284312
332971 230395
320728 231075
400991 304691
333757 230961
327451 235043
363017 256522
452449 276802
584974 385997
358153 258255
412143 290272
408610 313994
422987 314110
426168 273371
329688 233690
341030 240339
409168 239999
349973 252355
350960 257135
451924 292079
379603 275355
465909 256235
359331 265275
340170 245843
331623 238947
347853 255897
335839 245036
330296 221218
407263 313061
352180 252012
346142 250706
362424 262446
355693 260588
343993 247836
439339 277878
622121 356926
445221 331481
435135 340085
364257 268667
340858 249771
387913 280722
335133 243313
340996 248753
377904 266085
347480 256598
345350 246664
370190 273268
364900 265788
357190 263279
382243 254242
377677 276667
358693 267044
363182 268253
395750 238742
441071 284676
396941 299179
395901 286430
354080 261036
366262 263076
345124 245775
390807 247187
434747 278080
351117 259088
353979 259177
436307 285455
343982 242045
478686 281820
334627 236191
453188 287778
373032 269663
437987 285903
337998 244111
377590 272418
370664 269326
362649 262540
361696 252383
415752 274194
347878 258401
340552 245781
375441 246829
339128 247986
346186 250337
363012 258165
348595 259606
356591 250399
343296 249489
347978 249954
436786 285399
394130 251251
331768 228275
368268 263558
330176 240015
372201 265981
341208 236351
313879 225892
343365 251930
443964 279204
362236 245329
389336 280233
383667 241106
350485 256690
340958 247608
327527 231157
391824 245630
376261 284623
352274 250056
434757 286274
339774 250598
388881 280831
337768 248885
355661 265008
405305 284397
414423 262428
382786 247441
463988 312294
367353 258555
304189 210493
346753 242293
420176 297637
297782 207680
401776 261690
391785 269270
322297 234590
305733 214234
338056 237454
372388 251881
384812 243372
324553 233235
342842 255315
355286 251128
435859 280438
444452 272183
439367 279215
347968 227747
362632 272007
337554 235041
356145 252471
325358 230493
356349 248979
411648 243600
319245 230386
395656 253816
316638 221601
334625 246091
310324 226227
340144 228309
364513 257548
263299 186270
345353 255659
329120 224947
355412 237014
349009 235792
333154 233673
288889 212757
367950 235142
375525 269108
355041 242095
301768 210622
357599 200849
441119 277209
369982 281335
307024 216069
385784 277167
346251 244668
355368 258590
277366 189772
381233 279106
281306 207595
301174 182503
401849 305416
314396 217056
307171 209054
287827 200380
384708 262826
5608833 202158
372953 280886
380360 259581
328256 228035
406581 238579
419714 239316
316811 212947
416562 302869
376467 242294
336808 243136
326542 231582
369978 250153
404128 242181
258349 175973
355816 264861
386613 203979
394486 245394
480120 307239
311337 218630
384247 249444
434456 262248
318840 230244
374803 237559
314299 215010
313478 222013
347260 212913
311975 227157
349819 226488
286348 191002
380760 278695
494945 291567
401715 271970
387864 227177
329889 230204
373491 263924
428687 257959
506634 292265
340646 225557
405981 253838
345188 220336
309164 183871
399160 252431
516736 266347
341158 212362
610636 319403
389010 242261
312952 207084
381060 236466
400675 290338
354852 212748
386454 259506
435533 280277
429494 235291
454029 251246
387282 276274
497429 282258
353176 213791
325798 206693
329131 191913
340051 217487
347327 223230
368250 236473
378180 246417
391994 235081
378282 254948
404144 259275
403773 262162
372614 252924
399006 255726
471149 272806
413723 291163
396106 237154
458288 241054
400808 254663
391215 250769
409536 261373
457882 255878
368497 223934
482715 235246
391429 259801
367407 243593
491707 293900
402276 246292
396829 245267
414190 267218
428534 267218
374417 243268
381482 235448
389921 257504
393396 241727
391427 245545
416294 276320
379136 238049
368754 244003
486488 299004
479920 297931
435821 262489
396005 262669
404673 248728
406148 259545
405723 267956
486379 285631
395371 267041
380781 247163
401726 279350
373910 241959
395247 255939
503188 283670
497905 274226
375602 254994
447891 300394
395736 268188
399470 251525
369244 249706
417292 250623
388772 254586
648092 346342
428073 260664
348458 234582
333354 237781
357203 261444
393309 267770
387731 267869
338623 247320
459731 278387
331782 239932
355289 260059
347070 242075
360868 268351
430860 276125
349091 247473
349070 252620
352680 256556
448083 272895
400346 278973
392502 259085
372667 256632
360006 262111
353050 255703
347990 252615
374955 252017
367621 276047
372021 247776
338608 244673
330598 239420
362557 253637
442293 276470
388936 274074
362357 268180
363842 269648
394533 247665
358539 243185
387334 247894
458715 305851
380059 287405
488729 315554
331871 243635
490132 307447
333244 240045
362613 246807
421302 303054
348979 247931
337472 238414
355337 255187
381693 284704
371237 277761
349058 247694
481510 324486
465402 375239
428691 273963
367674 255567
421833 266671
517346 322054
479436 286222
463294 284650
379797 249440
362268 268894
493081 315378
339340 246062
311842 214937
440538 289567
322723 233350
479638 279297
363843 244427
410815 254100
395201 252057
396163 262621
445566 289978
329513 239426
451496 312318
485581 302499
431954 249928
422775 264484
387034 271249
351263 222156
347202 223727
404925 276926
340830 226642
359152 208413
489008 249749
392318 267088
440785 254901
416866 290287
394722 269150
429868 264681
443227 266809
443135 253631
383755 253946
411985 283748
372889 249308
377879 247480
390841 268781
696657 372466
383425 250084
386548 257886
480333 268771
393534 254578
355664 229033
450589 249604
626743 350011
416219 246059
384510 252805
395896 264161
467769 270131
368523 246513
387358 256418
387688 262879
372025 248597
346500 250875
465631 274611
362962 262895
347783 246732
387001 249754
365360 251091
560445 360714
369768 249431
328199 234380
346005 251481
347705 246473
412120 272503
350116 240106
456484 306040
369991 250936
359258 266291
410261 306087
398639 283525
300593 211830
451561 266032
413725 243093
356565 260689
373545 236082
354586 243623
363001 269058
332698 232465
437137 268385
408888 258523
469637 312606
352050 251832
335418 235509
327868 229050
443474 291712
423979 262796
342685 238099
347110 254770
417902 291848
374835 277303
344366 251965
446434 287534
360357 266166
334617 242031
339712 239809
464842 289970
399321 293280
398216 272236
447872 257650
429738 262257
343008 248594
358148 245913
341434 228349
364899 261116
405970 262106
367197 268244
342492 254915
446201 279262
357234 254541
326052 235635
326755 233211
356995 252930
373059 238674
350227 248273
380050 256638
345865 251869
