391379 309325
316990 248545
430688 299154
352124 282417
342891 264736
325044 253611
312934 231905
310177 238099
252011 190121
332113 258546
325420 256070
349202 266541
393177 272916
323571 251420
412335 268960
314482 245749
377507 258708
424419 299610
323056 240002
620586 350471
352652 245696
323273 249759
318147 247278
307082 231894
335217 259024
352130 246948
360848 290984
325356 239846
337887 244785
321274 251854
333556 261654
261666 198485
321781 249024
293687 225475
281201 216726
341810 269287
304979 232484
338781 244966
290578 224159
385166 261363
342850 261390
330078 232174
325090 249461
289864 223402
306577 237179
328696 259871
310357 243513
374521 253161
270998 208145
272064 209913
264278 201897
277335 224304
277315 209803
306248 237795
271435 206064
355870 277636
305561 238881
304129 236275
394092 256682
414381 284555
377266 302679
435546 287645
271242 210714
404403 255604
310751 235673
329614 250996
331581 255045
382954 312189
331918 243108
443082 305353
431175 300641
580390 307032
329442 250773
311887 232150
516239 287489
406582 303068
285351 221007
398591 251744
376817 230646
312870 239353
338290 238351
389354 282234
308840 240377
328494 260704
331403 260983
350546 279628
357206 249793
364070 254729
339258 262321
361074 261970
362844 254851
326521 250577
359420 284470
335112 257569
348156 273013
389722 287812
368220 245708
420232 269633
431290 265711
355882 283710
362519 259474
348939 258518
326097 242969
339531 242473
601381 339131
319174 241702
372869 260864
327518 248444
407147 265316
377126 263729
327446 250636
342020 270294
316341 242457
372677 240549
363180 276577
397574 290853
413461 284319
321773 247441
325873 252445
362410 262077
347460 270700
426047 287512
435312 283795
481125 290372
413020 285596
381721 257849
359550 275126
331334 257084
330371 255446
338618 265092
331051 257303
306334 228739
297951 232354
344582 240561
480176 311265
373728 245129
370063 264032
298530 236217
346586 249527
320771 233160
358065 229362
272674 209266
311278 206976
334699 249170
390106 286951
322994 247716
274551 204488
279792 210400
246360 188199
314891 235552
280043 202210
593911 343776
342231 231302
346345 270130
421842 264234
383608 248410
342602 245951
294119 228426
393457 236002
254551 197951
369866 223503
339140 241172
407021 250145
339276 233566
360853 260487
448124 287943
328471 253898
383279 274660
271106 208345
302345 211508
329640 256670
449193 272527
259190 190215
320276 230082
284820 198395
373152 266357
320436 235517
359951 246767
294588 225353
316422 217529
331396 256235
432802 274003
350034 262819
346983 239184
377574 265676
377658 257916
449555 281330
407059 286144
374642 283384
433120 266585
437380 277644
357673 269748
366348 281221
357812 272449
416682 283961
373237 252723
355996 259715
467707 315368
280426 199654
321749 252185
315973 236679
362107 273002
313764 245270
358759 279658
323922 255459
351410 233250
320695 243621
316984 233059
314228 240741
341335 252308
350274 262588
323887 249481
341295 266326
326782 257031
325424 238087
333514 260461
328714 253631
343408 270849
336855 260034
294608 215124
360838 236534
329163 219260
352199 251883
407563 259870
437862 276820
337533 242874
362343 250534
332038 248114
349615 278434
451825 294989
605065 341395
401334 277396
376539 247359
474827 290224
347135 247918
321089 225709
357330 276508
440023 276115
442711 270271
376958 263403
382696 269594
332604 229894
438040 284591
350160 246341
345258 237676
442829 234521
334997 221584
348547 245567
343350 246399
360047 246791
372217 252401
361647 255024
374426 276360
363129 246913
362756 260548
423688 262997
369856 293762
430099 256479
356659 255401
396921 239576
348497 248052
391380 284197
377044 272073
478040 295858
370127 260596
354350 213760
368857 258841
322361 229764
471175 278741
363909 239691
354173 269533
442353 275418
341607 236514
386650 278444
364408 227412
440855 262407
347745 252234
367500 260174
381872 242786
367263 260207
341760 235440
375594 259785
360694 247889
380542 256326
346093 228066
357492 262091
360512 257121
347295 244288
376378 266620
343398 244750
447872 271613
354495 254338
379409 280576
492745 317739
328390 227079
381642 278543
485532 254098
353440 260204
451866 292872
380905 248562
370030 267641
441962 250856
361804 253707
338028 236706
362978 242111
393814 267615
355061 254529
338973 241105
330266 234246
342447 240877
351949 253531
365813 242402
346176 245570
489945 300755
398421 283255
433980 247366
379719 256948
426536 265667
484571 327966
315221 214032
351819 249617
322438 228615
317756 217687
289850 196360
354312 219689
250703 175546
316026 213845
341662 242730
401914 268171
403626 277315
440078 260999
338328 229985
340613 245085
367959 262146
317152 203877
293585 200912
303186 200583
337599 207500
403989 238769
391763 249010
426539 274797
283892 188426
354031 252586
364081 254278
417951 256977
358649 255847
274843 185710
456363 285468
440524 276530
338810 252136
276640 190721
356993 272810
341136 221109
399258 242793
355641 250546
309487 223727
351544 244382
416304 300603
322451 183260
329158 223543
394786 220059
358685 241870
379629 285051
418004 268298
298190 219949
305727 221065
335879 246187
389857 253339
421551 303524
363614 221005
480491 300721
444782 259987
582947 309237
359151 227200
348904 249974
416679 274747
317182 188144
310489 209720
378966 235698
259826 180956
239634 163849
405040 306016
284398 195588
406948 246672
280672 187720
368539 254021
343230 238907
269435 179433
324949 235375
287378 203431
245011 180078
321458 202494
406211 244468
335986 227117
359631 255915
361150 246594
384734 285501
423830 299474
356987 238759
285320 215363
326936 253784
314983 246152
342455 266917
323676 254589
371667 234922
307572 236471
255812 192379
265488 205653
269765 207702
226706 178471
357792 271557
359921 285782
281226 196189
309329 225974
358240 247656
281202 216811
359865 244263
262312 185621
316345 250822
309318 241802
386168 257314
312754 240112
349925 268926
236190 180508
314054 245190
411578 264297
447639 287497
339975 250645
328761 248822
280247 194853
267793 213885
304363 237624
220667 160405
277975 209995
314171 243662
481706 288766
346590 237916
399183 287077
309744 214530
440178 280785
248168 171736
312902 189656
272893 189568
265715 206506
230440 168565
394715 276220
240109 169303
291430 203235
378098 225795
486080 304377
311403 215083
336679 237852
318583 210660
409816 291352
348156 244874
437750 227140
353043 221700
600081 324551
262433 186866
440507 309830
306426 223164
333713 236341
308193 213803
423695 257936
284445 200045
321814 232523
630910 359610
308659 170996
3811560 258366
313651 200795
408031 253044
394894 234714
297012 219402
348833 210270
234979 159939
310416 218430
350077 240591
376483 280879
372622 258571
310690 200507
308140 215720
359445 245859
314307 219685
317111 216228
317425 232897
349872 210860
408104 251711
345006 226610
288004 205982
220885 154318
403423 291261
352183 248121
352175 259221
345397 235081
321991 224784
260013 180484
256098 171869
390539 268073
467892 310732
374561 262831
358719 252887
597936 334229
317703 217758
329619 213427
418286 253831
341921 239086
359024 235538
448007 282668
389381 279751
375858 257524
477031 282103
443791 264675
430577 270002
353659 248613
353203 260980
382026 274398
377726 270898
355109 249862
384111 254706
370451 251571
438703 270437
513291 301459
380489 269381
363846 253010
351638 240655
439616 274165
417347 315051
472668 276337
385467 243825
334282 234878
376276 257855
375058 254411
392577 284718
343936 230669
355659 255033
347878 244556
343475 231505
354514 231467
442069 264338
363364 238511
413097 297150
378552 267119
393522 288625
389526 276108
397883 249338
358245 260934
336435 233597
476464 297344
357402 250990
346256 238195
345641 243520
333160 227583
455664 291407
347887 233079
319096 226037
449325 286154
387652 292350
443592 263845
414503 264128
482532 273683
420132 279899
398372 246161
344353 242997
329885 226778
279660 194275
346919 245847
413845 261522
481273 279979
357550 226624
332931 236873
308740 221436
288321 203159
362707 213490
343038 194756
281268 176583
273690 182009
240429 172092
346907 207031
495199 348943
308720 217582
307244 214287
242483 156270
347392 222927
343195 211877
346273 249088
408830 247187
390632 281940
406250 279851
335728 224954
301034 194613
334382 240134
357078 251831
425560 318824
274269 195610
357800 250847
377702 250881
335120 223267
393302 257141
314793 214369
333471 224309
358137 237457
360504 239061
308760 209415
356757 252121
415064 265316
332500 245639
362516 241832
414046 254319
452208 293976
320511 220059
384789 268231
614744 345939
442287 277192
343133 241298
392001 240696
347654 243732
415167 259693
359672 246664
411983 257449
359633 259335
366924 243348
391078 272205
402508 246871
369854 254530
434517 273936
479961 295525
447942 287969
355696 248413
435289 266446
334269 227082
430852 264051
356027 237995
338814 245574
357043 246194
474354 304444
436923 273377
411052 256922
361232 255628
485815 327463
304506 212151
450975 274195
326131 200470
418740 299986
478891 291893
276270 190508
290373 200993
287617 208409
382548 237443
312109 220120
426779 236689
435206 274370
330535 235076
316823 213943
295755 204736
340847 231971
323805 214089
336842 232872
301859 195718
339339 204948
383152 263168
417398 263131
402485 263489
340508 243385
333515 230942
372815 261825
366528 220125
307229 196939
350747 248723
373794 249137
434980 283200
340312 253501
370467 276231
581891 323774
373218 270941
353777 252083
350273 247454
290163 219262
361223 260553
426874 272781
446419 289735
399854 266552
434457 274562
450236 283117
347565 244098
382599 259129
371100 238103
347342 276116
403163 262802
299472 213035
341072 240386
404784 291231
349757 249054
466768 289031
303564 206590
346760 243821
302339 221931
329503 238731
359724 250566
315167 220477
302899 213465
361834 259111
304878 206838
357680 251207
379893 261215
373234 278283
287490 217406
405278 248717
317788 216190
306292 216238
289570 194733
287060 203453
327163 229810
361011 228405
346582 245185
369790 255231
334586 236994
653637 372010
386870 246091
356561 243813
446316 281888
377557 269996
421436 263023
388927 257468
363998 262066
391382 258335
344705 239196
340836 245614
368829 255932
411111 302247
367993 258863
328295 230676
349975 250366
366463 223422
250169 174849
323326 220126
270318 192680
414933 273902
405328 250051
352629 249671
373748 269514
372361 252141
449085 344322
364968 235851
372149 247706
355352 247367
402266 253081
379929 259505
318600 224997
346518 234179
345336 238906
344342 244433
338679 217450
328236 237959
349962 258765
336461 237580
428734 275578
422868 264121
362506 256863
386468 283132
497058 310401
347110 227824
421720 269325
379159 270574
383225 287670
430918 269716
347586 243254
350277 247148
357350 246294
465741 297477
338147 234280
362430 257090
371452 265642
354445 243339
450026 266354
344005 231035
324618 237353
217942 159188
384045 222296
254234 172147
280355 196832
331315 229371
325009 219421
349191 248717
336803 236111
369884 251744
306487 214747
343015 224819
398080 282776
351845 247841
320691 190531
343773 234788
395002 209380
513635 346296
388316 231877
335639 201035
416637 259938
280079 221792
432850 276319
374072 270523
447922 264208
405118 290268
292283 206207
361673 248910
562346 326239
255602 170559
296742 215736
483795 259977
379461 212304
280310 198871
282639 200153
340798 231209
294692 218621
357230 256167
385483 254231
355050 262929
299994 231614
359094 264997
277692 176329
325374 225380
440809 287418
271118 196611
321345 248994
365431 249290
350542 199545
341043 240657
396043 266821
354362 245354
233341 184531
323514 232982
360856 220065
263151 199771
296014 200714
357682 232337
304837 200211
301200 187982
287882 200130
335435 195162
436375 306187
316954 211575
331309 224967
319328 242661
441587 242377
395148 288297
392481 256826
348068 232627
419541 255029
413795 273585
307176 215289
368945 257424
378064 267939
346537 273595
358400 254926
439341 262943
309895 211993
301949 230202
306892 236432
286727 203379
411352 284198
330331 232819
379101 252831
428226 273648
359356 251739
333260 232499
312114 241227
335876 240345
322601 250764
342115 239519
449834 269790
328539 254376
306182 235412
353665 253244
441979 267043
379125 276032
324653 252716
361801 254263
317501 244400
434539 274797
369310 266848
310500 238117
335658 263588
358854 255231
353657 229330
324305 253327
352738 238003
367705 275027
398627 258193
379535 277360
448859 312486
334068 250210
342476 245686
363736 221771
368516 257617
332801 225719
345577 239094
341690 257851
407474 257415
368505 256377
425700 275312
393206 256293
362872 259323
353018 252644
336028 224997
406650 282370
417226 259642
313669 241847
435534 273637
375240 267223
344263 251006
390495 263667
351145 251084
319246 217820
417916 279888
341185 241896
327940 256911
348853 248666
492522 328977
331167 256696
335968 265099
339325 235091
486681 285236
381759 258121
333869 262383
347625 241567
312103 240099
406681 329692
365656 248402
409647 275297
340359 265572
378844 257817
365491 257681
327789 243228
320279 247258
474962 334243
422687 274559
318874 240822
460596 291005
332530 249092
384337 263867
482297 296696
337468 251420
358337 285432
370370 262691
458969 376307
345712 245033
360978 242993
323033 250730
438187 306472
361411 246296
354577 246098
308041 236811
341461 268608
401866 249416
336058 250768
310384 237396
379079 270013
339873 264780
306501 224947
354582 260384
350467 246143
339233 258762
325823 252588
462192 302495
564507 322721
359682 259108
340335 254508
349282 263977
346998 241682
372454 270979
412162 260357
409113 282528
371266 261654
332825 250602
328925 254727
363103 256962
312800 242195
330676 239622
354767 256278
360492 251045
323909 248882
339325 251369
349502 243721
337612 261034
447526 286630
362712 251711
333094 257680
317606 242374
371170 259022
367700 259902
311726 238200
320513 246713
461034 332497
348790 270016
381578 258868
317073 248102
325331 250892
369607 253973
344755 249376
332941 256543
409081 276946
341395 255642
332533 256214
573922 342299
456732 260952
316535 243586
365476 286488
347689 243293
356747 244968
326295 248744
320501 247401
386909 263009
314698 241123
312930 239996
346216 243821
317742 246107
332087 255944
445819 271518
353587 249915
314393 245736
330409 258364
347390 254428
456075 302004
359695 255030
340272 262549
324006 251495
370581 272223
357235 261246
382387 307285
309851 238987
344041 262690
328001 255137
316036 241871
405193 250802
414406 275920
334507 247593
342136 243445
367588 254708
316442 245860
346850 264203
290582 220199
391333 261363
294761 228474
290343 204640
228106 177469
397718 270477
343733 241215
333714 257097
336301 248628
315811 243128
371134 272303
273825 200925
414882 241899
356893 221384
316323 237116
275720 204672
266395 181927
307690 203217
318221 242896
414567 326398
338380 265046
332714 256578
401775 249943
325682 257236
401075 272916
337071 253941
358886 250419
426221 294725
332639 260150
347806 238766
418951 289479
410719 286348
391511 279278
338964 258374
345298 256022
393047 260920
333446 259833
376114 258098
330562 252462
331396 256159
478706 321207
458023 296909
379115 289752
313286 241859
353645 257643
364257 240452
318935 245843
435718 290697
332412 256326
342883 252321
356241 282397
371953 259787
320501 248699
334618 247502
374267 252943
385015 298267
304262 233251
338560 265911
401976 270528
328448 253052
364977 258984
313983 246889
339526 254766
340726 257515
348620 277405
322796 251686
447647 293950
286802 220377
326201 257325
345014 271819
355301 238625
356959 285399
345285 266183
309502 245757
430006 263006
342529 268927
323566 246813
303157 232815
311490 240653
327434 256381
355817 252647
320601 245224
313554 245073
310134 237705
327125 245196
402986 269588
375614 300060
318782 246151
403750 255564
383723 258666
400433 266533
306580 235108
341151 258111
410260 258117
413756 284495
313393 240896
367894 250302
395972 259134
323337 249400
383496 252168
279272 208653
314420 231855
310649 244068
439618 290659
296633 231247
624001 354079
295792 220480
305139 225058
331153 251099
391986 256885
387135 250971
441135 271751
377516 259425
371787 266590
365254 256779
466411 310242
339509 254626
324768 251139
368954 268921
338605 262365
310703 242454
379410 294391
298482 234151
380076 244424
415230 261454
391285 256750
315529 245472
418363 276687
406629 259961
246736 188497
389799 237536
410579 271002
293816 228097
318942 251773
394170 262866
313578 240102
290546 222954
387621 269206
343986 234379
340847 266359
333266 245812
378591 259725
336610 263878
377181 263878
321565 245338
319068 235185
328655 256923
437375 281216
315531 242281
311990 244274
394856 267520
480395 278335
325256 256018
369726 259117
448458 309749
317815 248266
420149 324589
355385 232000
303592 231617
319881 233055
275911 208031
404118 261396
307978 240204
421791 265481
350791 275557
320808 244299
577919 338529
416234 266220
352085 259252
433750 294971
453563 310769
378767 247071
391020 252702
291197 214840
300396 232202
405150 267401
382198 274744
321370 238487
329915 256768
368708 294947
510474 308675
292987 223547
378663 303150
330431 253576
362683 260176
345462 266366
350889 226138
324359 254228
328208 232120
340074 256979
292099 206921
260288 183524
278210 186006
216631 153189
317083 248601
307084 218867
290027 224364
333436 254753
339673 268040
290243 206428
427270 286115
340428 253988
286906 219762
333675 258590
337302 244442
396220 277211
324997 248013
306419 237856
322069 250296
324571 225900
335091 259472
356396 250543
389974 289436
393786 266493
319839 217547
424977 260969
257866 199142
384124 248055
281216 225457
254761 176636
320148 235915
307677 237489
304482 229733
404396 271688
328998 205912
253431 196003
249527 192237
338491 257367
281954 204670
350890 226138
345098 264537
436342 260241
314039 235429
322876 252251
335492 237027
344848 225471
316813 251169
301659 232270
452541 260789
355622 269898
326755 246937
336926 261516
301432 232544
324401 253833
329822 233749
448053 330778
306004 228437
325431 240508
333173 239830
300076 234813
360991 243622
354193 260415
242549 187141
275857 178603
293027 227536
369662 228397
313012 242729
330736 215802
263113 216422
355168 232840
248812 196440
303602 223833
322849 213642
268920 183664
261613 193156
356428 230701
232095 183182
323571 233070
321839 239568
363529 289469
286532 221158
329113 241743
347141 231814
431197 272114
384252 284555
303706 236910
414817 279111
335245 251964
322910 241563
355392 240096
338987 267042
422258 320357
360583 257638
269565 196091
297492 233974
235056 182498
353858 280135
319534 217215
287989 224241
268776 207192
292983 211767
383718 303887
319287 182508
277510 184986
307016 229329
336363 256422
308957 197530
220596 169829
227886 174689
257935 193421
385516 268278
315239 233481
308380 240961
403659 295313
292671 178506
354486 256378
234691 173653
399062 267475
251905 189406
313758 248173
235896 182801
346462 280618
316793 227039
299228 218260
407741 271707
266455 196623
349715 247911
376027 300995
292608 226296
378110 289072
378373 293620
334329 235555
294422 225527
378015 222133
304319 241562
244396 189552
337782 221585
285577 223685
267738 208477
412972 280560
319012 248957
304168 233010
436459 289572
372446 291448
385643 242521
336125 258905
324538 240139
293170 209581
296941 227672
342144 273787
251667 197854
227776 173113
313965 251719
390891 261990
290995 223005
317181 243391
327911 232234
356224 244717
389457 307935
256563 192890
313265 260962
193906 146684
292124 225801
332097 219051
237519 183335
302559 216753
325135 255104
242756 192301
383557 300444
405062 256054
346331 270974
454869 290659
265481 208596
369781 287103
315863 254646
300515 216746
304996 238394
618528 363947
248198 196858
286582 223789
392665 275827
282507 217912
385957 253781
308513 223774
264434 201627
314431 242734
270353 212080
229888 169075
250151 191657
252757 195048
264759 204608
313716 202468
350189 267008
271845 198962
196534 153107
275053 205897
332004 245464
406257 282295
312100 243669
289943 215567
235702 173238
251424 201403
241260 174768
347960 227654
246482 189017
322547 227045
213339 164655
259872 206838
302385 224856
344622 268988
415861 260011
335910 249416
315616 245976
400738 253841
318666 240646
344788 272410
311482 245428
386284 261205
314690 243650
378875 260638
324783 252997
446644 291075
320581 248345
342118 245651
406350 277532
292202 220919
423817 300748
358773 240320
320911 244461
290647 223136
298767 225112
346907 262858
337119 266121
346535 271791
326318 253072
363033 285465
359630 287679
314593 227332
321903 251817
428089 261115
314066 242259
405095 270054
438149 313399
324085 250095
314029 240124
338715 263213
417562 278023
301901 232330
372620 253578
272561 208745
333571 246510
263718 202167
401591 319344
380770 307008
309007 204620
248294 168254
279303 204596
350562 233362
351143 240047
414136 281131
363745 290719
338330 258927
334725 249323
381295 305533
340902 245353
353893 272744
262766 193454
264796 207662
364053 240119
314267 241379
262814 205258
353739 239555
248636 182303
252361 194611
301192 229229
213743 164330
451814 317658
374370 223827
306239 226270
290621 224135
308389 234477
578583 338323
380474 314503
313903 225129
426094 279587
232787 177168
269525 176287
438324 276586
265616 206945
391395 311506
255075 189963
326688 240195
284725 232788
286434 224392
265193 210490
252306 199430
236536 182153
265944 210924
303035 232533
353235 222187
396196 269003
316331 233670
437896 286966
377659 255809
342800 254822
358224 266526
318331 226274
395699 296001
299621 186044
272710 208045
307420 243621
229452 164328
260136 200555
292559 219705
270605 205600
306937 238564
322671 225369
335039 256927
293987 215957
408619 306117
387056 264087
367311 278430
254881 195317
270356 205828
272897 209399
210301 159565
254542 192571
328412 257482
334546 260031
241740 188745
295181 224084
296725 211096
350785 267344
309935 232101
309139 239935
356968 281558
317944 249042
329961 244533
292130 212737
327221 244255
367131 280445
388964 292530
330680 253776
344621 218894
357599 283806
311758 234809
295302 228197
347945 271652
324805 243356
262126 191504
328642 245915
269373 203710
254586 181232
300287 225050
300837 227690
287707 211525
337142 264877
321736 240028
376616 298964
347401 254636
386606 270111
342355 222393
317621 242708
265877 194024
280226 205985
255584 180048
400047 264065
310094 231693
283761 205814
424764 290868
342476 263108
336778 266660
334647 249074
306055 239491
277698 211496
283560 208464
339893 257096
304008 231832
289067 225643
345570 262430
340057 267653
601385 345692
310386 241414
372582 253686
275783 209456
419476 282958
326120 238583
307441 233846
254438 196686
269391 208792
314679 245340
458433 318251
362290 246001
367880 257177
561922 318625
278618 218825
361520 274982
313831 239349
371457 264835
356819 246046
572052 340837
323683 244038
393801 298021
321012 242266
328204 249450
315454 243093
304514 234914
350865 265616
340153 243701
337853 265894
370536 294472
338682 233719
362052 267166
300320 233870
326278 251121
306844 237869
312595 241218
324054 253526
289511 221103
387153 253951
340633 264481
319712 247882
318190 239801
433524 318568
343735 266612
438085 279246
350413 253179
351720 279589
313611 242464
318732 237574
313141 241625
337183 264688
317301 245954
383544 257206
312364 225462
336280 264486
393099 255978
342786 273947
389900 262832
330400 250047
314378 241816
306803 233779
316333 239003
312356 241675
295541 229756
308390 237646
375868 261188
334510 263363
313041 241784
320056 248783
309514 231927
288591 220641
332691 258076
330419 245558
302784 232132
321547 240234
340452 252393
299660 232557
298629 226545
308252 238320
319074 250298
302274 233981
356843 238144
337892 263883
303993 230040
405522 272964
327088 239992
337078 258522
305242 233514
401913 265138
412202 286717
358987 283942
298890 225550
309916 237409
328454 248251
338156 262587
321890 243414
317131 244783
406799 271888
384510 249149
371077 241765
335485 262770
354541 262051
284396 220147
328567 255188
320108 248148
337548 265016
390792 317019
316592 242146
410750 286570
314995 243466
409215 275601
335427 252926
326875 254883
306548 225896
321671 250889
389168 259852
295909 218981
436277 306858
328347 253472
330673 258458
347051 260556
357743 262148
310514 240236
328404 255759
325406 252025
344335 259437
383871 292512
330654 255944
311629 238190
322298 248919
331953 261529
312370 240545
334817 259593
404788 273310
347555 273183
317541 238633
332276 249826
338168 242486
336802 242624
417862 285613
360162 281742
396121 309579
333360 262438
327805 215610
330219 260771
308075 225644
283017 215853
323687 252012
301217 233529
297427 231147
283937 219149
257101 199754
307270 227509
276085 213012
396589 248421
336281 263343
329919 252818
313021 241403
329774 245704
295989 226590
445015 272041
341484 254646
291656 224940
240433 187618
447652 316045
350114 251594
327613 255291
341966 253846
343768 227312
400309 267662
328107 260536
616404 394769
368907 252565
309897 237954
290127 230561
314353 238197
284414 222426
322511 244355
406393 307599
340643 246463
311229 239635
332261 249769
290219 223750
327699 261084
343025 267378
320531 243727
346859 267271
388322 297634
308685 239337
338610 265386
325366 249932
297028 228320
334058 249973
343573 258667
429689 270598
315140 242945
385379 262826
332364 256130
309001 235783
336483 263491
335909 256640
319076 243326
385238 254642
323472 251018
414221 285350
305431 233609
361153 272922
336731 268051
324859 251753
396204 268832
319446 244434
331686 257538
338005 263376
318306 241481
334475 258096
327865 256056
324587 240999
330061 254011
318483 241060
353225 261012
326174 252013
332758 248428
386279 258533
377688 258169
310617 239169
315496 239479
411560 278173
354336 279550
387969 264722
413701 278564
397290 266283
356203 269952
451769 267575
390274 254540
413260 291022
375422 308162
350234 271528
403291 284769
328986 256785
311189 235809
373021 247537
426805 296547
390499 265253
351170 266551
406055 277238
338508 255298
408273 266804
357474 270653
312115 241076
332678 251647
330390 258693
338888 266522
374645 243928
333109 264120
322287 242026
335626 259262
330766 256093
359955 252921
661726 381962
299698 229612
427970 276672
367233 273536
301475 232304
302806 232421
308794 235999
311600 238054
320875 236178
319605 247406
381273 259023
345263 271483
324968 239119
325603 253038
323141 239310
350818 272755
335687 248520
406595 269179
331775 249581
440726 277890
351736 264735
293872 233576
307199 225586
324836 251334
318699 243064
345996 258176
314176 239921
370424 291343
331104 242363
296819 225486
310461 240289
329101 254236
316156 246399
309924 232539
292315 226857
381546 260634
303784 236391
324090 254976
291943 229279
317333 247165
318008 243664
345450 222967
384749 311676
308499 229258
329783 220083
319597 246416
267430 196868
292749 210830
244493 185581
480601 337347
284040 209268
331534 244036
392891 267044
338282 271136
417024 270215
391691 258863
330839 233731
344936 256661
242361 189336
310253 244704
290202 228342
347170 263740
389612 252938
307623 237607
297512 230275
288197 224787
409366 271127
425714 275035
290432 200178
333983 260897
328654 257243
420871 258177
272793 209269
339290 253668
376631 235203
307810 245809
260276 207014
342709 255042
282783 216639
295102 216364
298418 226677
335183 251971
385627 289318
387257 249772
389991 258221
375507 287692
295065 222696
295225 227644
292445 228748
320761 253066
310059 251708
306074 212043
329667 234269
336581 256719
282562 217120
353845 259150
321146 249267
407603 319948
293392 228447
268560 209411
438409 289194
311879 237550
321416 240353
422014 277647
297110 232644
374050 233413
274181 210316
370973 238385
321912 255624
319458 233820
316712 248043
278638 214505
398898 274118
286218 220352
335890 221074
300560 234244
393925 289917
299503 226078
334447 243346
310797 241017
286226 211188
422705 299702
386155 254013
310640 232540
326026 248022
366185 253674
351465 281120
322574 250398
303660 234063
359438 277503
318660 245477
339052 258899
382311 256143
385083 300461
300419 228676
316198 247757
307899 227830
321762 245378
343968 241552
340930 264274
324056 246405
338528 263066
388243 264924
361254 264451
371645 295709
323474 250911
398270 271232
332065 259080
325786 250047
330339 255703
347493 260068
314578 245821
316772 244646
332486 258221
324107 248710
330285 252824
405376 276791
319163 237492
330050 254087
403011 271978
399356 274713
413542 283941
335296 265636
331295 238688
3683291 271350
330663 260090
316451 247091
320699 247687
336025 260769
331073 254585
340993 262742
325808 252973
346737 275577
340273 271999
410228 271557
304589 228180
369347 237992
353249 271001
327426 246246
354952 270503
345665 258440
364490 280528
393226 260211
339346 257679
331504 260695
314003 236606
315685 243882
379088 306878
362414 244021
329313 260496
328446 238449
380914 263585
324507 249891
329514 258483
359735 284324
308929 237769
443370 268058
345528 268785
344830 269388
372978 253591
298178 229308
422851 285143
335845 249894
276026 191241
335215 251431
328437 255793
376159 255380
394288 277111
358923 272078
317034 242517
350521 278188
342465 269044
319281 245203
320169 247524
406354 268140
402395 276497
331924 251910
339920 253006
337406 252949
322472 246507
342598 260762
455588 278797
560151 334446
417710 276160
318725 241386
392335 267239
337653 255544
314284 239607
304354 231961
319015 248155
336903 258128
463729 299607
317846 243644
347798 255949
422077 285756
334042 258262
322931 246021
317661 235568
378149 299542
320516 245329
321139 241070
329261 252605
302983 231734
310697 241440
350128 252071
338530 259567
403606 276456
311074 237227
389568 265919
317710 244404
323364 251686
419939 286034
333170 249856
335295 260096
317886 245541
328784 253253
321092 245496
334152 262870
333890 249687
326693 252155
358433 268991
324709 251380
324759 244765
424579 270686
398112 265707
314441 240626
315055 245382
406033 276341
348145 274380
325545 242968
297587 230647
343015 248449
325832 252599
335613 261503
339419 262519
403981 283102
322525 248597
327656 254937
330206 255925
573759 339448
328864 256507
320784 245112
364172 251881
340937 265881
364044 249295
337908 253087
404753 272450
298808 227687
332955 263238
321543 248381
418333 284261
323001 249795
323739 252032
328504 249300
336612 261196
408795 270566
313119 237814
408103 274296
343233 252506
318991 247408
345488 267313
416939 287469
408073 280949
332142 250771
399452 325879
333661 259227
324101 249283
331031 259595
312631 240196
346125 262097
317259 243733
338190 261261
368294 279374
327974 252703
345113 269953
349575 272470
322838 249617
394915 274953
311816 239469
319745 246594
335847 262543
320063 248731
392916 269509
308284 237241
313138 239985
350947 247695
337227 265744
368793 293785
319194 249092
390366 258577
317879 238078
337143 254281
319798 246209
320406 248307
365474 252284
422517 288545
351793 275565
334843 262893
321942 245684
324812 240439
304278 234709
314016 233401
359757 266258
409777 270235
342630 246056
325556 250483
346067 271273
408066 280816
325601 240166
332782 258180
314293 243512
322124 245284
331709 242211
363393 239506
344333 258780
320444 243714
342312 263343
335481 260476
397023 248333
292350 222963
284627 218963
331357 254428
407048 267201
322282 250737
442454 288705
361842 288053
325320 239598
321813 239401
321846 249097
320097 248587
309834 238558
368237 290514
345546 272604
311056 238689
309261 236971
324246 249754
316545 243640
304586 237203
347576 274643
423022 265725
350681 239661
359978 243694
305017 230376
283620 209698
343518 263148
320026 237983
304987 233382
320290 247689
326357 229784
331990 248363
281090 214193
326008 256710
340025 246747
437946 297809
423978 288385
308283 236768
294191 227250
324726 253741
421375 262066
313291 242744
456564 306677
330049 252794
357077 270073
319612 245584
321196 251158
391386 259488
328847 245203
438967 270778
306103 234234
327863 254834
333761 252752
243776 177613
382981 244390
290330 201287
318889 249754
347607 243813
409227 271671
328186 234693
296177 226475
288778 220130
340487 215879
293912 225842
338748 266275
584191 333658
421018 268931
419744 256281
345413 246944
291110 226847
361466 269631
309588 240112
416584 287043
315847 245136
379712 260304
317743 236291
293704 226658
301022 221487
426847 335331
305732 237958
240368 183841
337187 224112
272761 196692
289797 220849
343477 274232
319952 246865
382380 235990
321196 233777
331577 258736
350993 247816
325078 240771
417805 247373
295477 230662
310947 240271
303484 222686
251746 203950
328579 251387
343535 272636
344566 273271
405036 281010
348618 275431
310292 233661
324668 240898
338498 262530
298089 227531
316794 242389
320236 245672
271340 207988
356801 240824
306922 240666
346929 273425
339421 263921
307067 236439
327128 257348
302839 238244
323593 255516
413010 264637
316662 235828
374066 267615
282008 217075
293905 225099
317480 236604
369866 255133
313945 243534
394362 262469
431883 303238
333106 230395
336461 253745
261921 192093
322471 240708
336541 253718
311645 234469
280503 218109
379288 252612
408251 282494
340863 235409
340286 239528
335946 253577
630733 397530
332312 233429
310426 236676
330219 261616
398315 254624
419732 294843
396987 274845
308009 238102
320639 251720
397137 269374
330587 257471
337101 257453
362967 267569
340017 249733
436585 273868
317018 235719
382522 252368
381354 307548
341096 268983
327243 252902
327906 245549
322420 249188
357235 285065
297305 227258
345976 264127
348421 253944
439854 310974
307484 226638
396925 247056
394623 274127
369721 288880
383310 308228
438097 278012
408574 262326
377153 285871
328854 257958
328083 255573
442881 295980
363901 252772
388374 259521
280190 211305
413648 279858
412353 306127
391482 266946
344044 263566
324641 251248
309893 237312
358581 273318
342316 258810
406983 251347
307342 243190
329535 257876
378724 250098
315531 244619
274433 214939
395331 263336
312850 239952
342520 266675
326476 249068
374067 260538
320976 249095
333219 262185
321116 246578
321671 246871
409978 274273
338119 250781
374699 296781
331258 254186
336227 263351
350281 272115
327940 254392
342611 267897
318618 245279
337052 261451
327031 253999
394754 266335
330058 257599
350530 226090
298550 231524
323211 241471
307894 235292
284088 217446
309629 233378
331826 260845
327481 256880
323131 250021
340251 238828
330388 258610
311724 240897
335260 262953
319608 246917
334569 257673
344980 253601
386007 254920
397006 267048
319250 236888
378363 254809
413469 262391
559008 324237
338071 255294
324344 255345
307694 234372
325400 250734
311185 239297
323805 240402
316876 232500
407076 283867
401173 275166
347448 278140
329559 254483
303527 237653
347335 257892
338942 241969
329021 243659
306114 236352
342356 269314
324436 248896
299833 229492
317769 224970
587087 319206
314218 239578
336228 252985
361754 237814
371345 284437
314020 241421
394519 268187
300720 236381
328008 255844
358400 279257
271263 212365
305280 216945
400608 278117
345226 269406
562314 322739
356220 269820
353534 224231
325079 240720
250532 189376
408362 281130
314644 242492
399539 330438
390031 262624
292502 229922
299517 232771
271508 200906
296447 206912
322280 250693
363274 279263
316104 244703
305103 238253
435966 285564
283041 222407
408220 287527
334161 219444
418132 266692
285580 209117
271630 209950
310806 237663
279889 215303
281374 208810
428662 302385
316222 229700
273218 208797
396740 249763
375787 253928
381137 296085
318279 236378
306210 233906
475545 266733
315262 234941
364686 250643
360059 254649
329001 224284
385807 275765
317031 245029
247977 179004
463863 297819
353804 217819
334827 238653
362375 267201
437380 291283
365134 252289
342491 242547
361003 244254
412041 258304
332909 255435
364335 252248
325237 251913
368007 267685
503349 346144
358393 252632
444568 262254
419691 261893
367492 245302
348623 253363
448482 292342
418358 276083
440941 343287
396908 279191
374583 268212
459533 306544
362057 252304
359307 253433
460654 297000
348083 247061
468760 277000
366310 259421
433639 268094
392407 262839
353384 245550
374535 276118
345434 243369
378401 262079
403426 264344
363280 253782
411480 256901
382168 264780
459419 267320
363384 261881
362032 252531
346972 249794
332427 235531
346292 241844
381279 271476
416483 256701
370378 253518
470958 285833
345755 241979
357879 255703
478478 306107
392744 278527
339956 241616
608636 336406
363852 241832
418931 266293
353673 256471
461914 278557
453682 273143
336403 238317
378300 251171
355268 258064
387235 279087
360128 254540
444873 275871
447452 285434
430724 265030
345319 243082
342827 251095
382063 218035
332982 238322
362047 257019
370519 255437
423560 264319
381765 257319
418819 268281
390496 250298
371367 250181
401041 292260
468352 307854
430326 286434
351110 247096
439732 277129
353293 256611
400770 304080
417300 270928
431525 281069
462938 278240
382550 248748
388026 259193
321451 227824
358960 239576
347114 243701
398631 244159
356587 242642
325058 222922
385040 273206
316583 224895
376843 252065
392599 232592
