343898 258758
335285 255857
324921 213112
359371 269066
221857 171173
262817 199046
384807 277792
257700 194219
266308 198151
320846 239919
320967 249206
296798 191663
216015 170722
421530 288849
319598 234256
199986 161983
164200 126187
313137 205205
4002477 346378
423571 290175
183200 142338
160641 122672
233521 179021
209492 160034
312014 241160
316161 245168
162164 124273
157817 120173
271069 207289
300818 236069
323464 253822
179129 138435
286267 220441
182684 143837
172076 123324
263673 196693
224754 173077
315248 241559
251988 162001
306364 234886
179965 140868
209800 162775
177936 136828
201165 157769
265665 186631
374398 275585
271356 174316
295266 233749
212124 148400
186013 127483
199556 151050
169924 129504
240650 178356
170448 128045
257425 193226
174609 136077
328071 246042
252877 149503
237016 137891
186820 129280
308301 179299
295472 227655
437067 279325
360702 256995
196490 131805
285203 196933
193734 148618
165807 127045
296739 205151
428994 281642
343048 197675
561984 312624
367569 258026
351685 231754
456347 218099
281266 197069
169578 130741
240734 129056
280394 164979
191406 132211
175807 121855
291342 219418
187291 132427
287367 203532
178815 124091
224737 147394
247033 208155
307528 248047
188537 131307
184753 126516
230980 168168
317923 222152
206505 149482
294487 206149
190459 136273
219255 154277
257094 215182
316398 251305
272819 155475
187194 132659
219086 138073
268055 189137
219434 160245
313585 215049
445354 219375
235886 147798
260050 220246
341736 280399
272562 156063
184361 132126
182994 125225
267758 185623
182763 124688
312939 218404
181121 120968
243957 174291
366846 327895
584451 327895
184851 125992
192022 133294
181469 123562
356934 212675
288964 159744
415518 231639
241582 148602
219048 145999
289208 256299
437200 256299
184923 128163
265073 183755
241409 168014
338682 232300
178131 119981
270669 187347
700953 575043
272441 162315
369822 338174
358852 338174
189325 126398
189686 128683
176816 124101
248717 174713
183721 124126
222830 155406
191767 139610
242719 166627
356065 325950
350837 325950
188952 124916
194537 129591
181737 127363
442460 214358
228934 158171
477611 307529
445389 331430
361391 233409
448369 399167
414307 399167
294949 177087
202420 141451
282295 147729
249518 173845
251638 141480
312396 268905
690554 268905
292812 172777
294310 259657
456899 259657
183645 122036
247517 172928
186329 118884
448626 273210
180342 125734
218175 149497
536024 470653
187816 128373
192591 135199
176069 114230
236024 164965
211000 149427
185959 126216
372155 228330
278190 204825
251152 216875
559140 216875
303609 189049
503269 464400
486911 464400
186628 127668
281492 164216
256719 156347
251995 167169
194238 130347
539640 495702
511797 495702
272215 156910
554278 307539
452721 307539
182868 123813
243718 157646
202044 124286
203486 146623
200253 124283
267671 188421
648107 570500
242737 141762
294486 264130
455561 264130
185573 123668
191596 126506
292470 203620
194532 134044
509300 461107
467117 461107
195378 127960
244841 167874
173156 113439
185131 124358
199070 142697
202820 145213
334408 245488
202883 141107
575189 518889
548198 518889
288228 172420
292077 212092
209482 149144
196825 135626
310874 180079
302820 215013
439460 215433
633700 520349
583531 520349
337070 230337
224584 165970
160003 121582
181669 121934
290804 162542
365086 240573
178435 123776
265495 186877
731419 599774
276668 198359
371914 216018
223822 156035
253844 151848
183683 125118
379752 232010
327350 233749
172201 120619
460830 270920
257702 187925
291071 204513
159437 121375
241536 127529
182268 123799
277405 171280
347510 243028
206660 139399
252874 214814
617486 214814
216194 145303
315803 193074
216873 151436
278756 153097
202634 138351
316772 206113
286863 157125
357022 191297
653317 570941
294455 155947
222848 161323
165867 123800
191561 122338
220591 142192
286725 157296
236894 168639
340958 240377
204736 140455
205567 139224
243897 140268
153324 117009
197125 129508
174395 122499
246575 178805
333421 176846
195213 139127
434749 326241
348140 239998
445373 277068
170134 130094
177924 119896
243633 145410
239257 163707
271780 190044
314671 198675
357019 262027
239010 171461
277434 152033
263626 176919
248456 161968
183488 122316
198614 130818
353733 250367
182253 124747
388478 355620
633686 355620
188836 122967
227777 160414
165106 122620
151452 115385
190251 126874
224302 143386
266955 177109
605168 553399
563037 553399
238353 144350
241797 147296
156599 120100
199809 119406
176552 126711
253046 173593
250539 172880
277367 159934
409120 254880
177352 125020
356924 250295
162987 124397
157690 120019
264113 154431
232543 164190
321464 230935
175989 124728
323147 202482
751888 670005
200579 137129
318667 220807
216787 130327
228633 150105
194741 131965
230781 135858
350061 235684
176248 120389
444065 255093
342218 238027
215689 149899
224282 154451
218482 138616
219752 143388
202135 156280
262789 187381
306927 202682
186203 123373
511837 475766
765968 475766
184702 131869
251333 172146
156598 118138
229577 136301
154522 115423
324382 175873
340574 234795
187197 123879
617785 509020
571367 509020
195787 134463
351916 233608
163711 127329
233443 138858
234371 129091
310874 181468
868982 755918
837343 755918
367967 239520
247001 139191
180196 126373
366122 226454
202662 132796
156496 120859
157677 121454
174118 115146
355604 259205
191699 132429
319342 183391
180478 120855
1053940 964417
212910 145055
153590 119975
146878 112746
148840 113518
197761 137147
325776 226994
248930 135385
334188 230851
192305 131378
166975 109637
406408 240091
170936 132855
213308 137270
158228 117425
298339 205145
271214 194095
617457 541258
332431 224660
357104 323922
560916 323922
259416 180211
148664 112995
150467 113680
158977 125070
180228 117551
323050 227459
182134 123398
334420 217507
326801 185995
438334 326253
328761 199157
156721 122056
149486 116557
192259 158535
229687 135154
495021 317545
372340 315904
403469 230026
277360 136774
232617 182024
234746 159930
177807 140890
231897 131789
155615 120660
183810 121743
353956 236471
169635 118151
445164 262473
267030 126023
257448 197419
171723 121000
178033 120721
153179 116671
149368 116228
172327 119755
292112 199498
651215 573592
357782 252680
257320 118383
240924 182131
256610 159863
160759 126028
389893 354990
251329 155674
172011 115365
528791 342268
383992 323943
272685 156860
846152 156860
275902 202043
511067 279945
175218 137310
157026 121461
175033 115480
191772 126123
495390 442469
456849 442469
354948 245518
336121 199424
451027 333963
285927 209204
400674 206149
217467 141339
212690 126779
224462 137334
262229 183181
753770 587155
603824 498431
556478 498431
179540 119273
176254 138490
154095 118188
172775 114707
252359 175394
307324 258700
679982 258700
410338 318596
627854 318596
1013737 935514
170993 130193
191328 144926
180844 141864
184572 122701
249233 138553
277946 208115
721454 616555
437952 383041
501583 465036
965685 908304
190878 152268
181267 143209
361990 325427
382204 350143
475680 245241
904295 846374
342875 284200
438960 351240
1025315 960862
218118 166109
409141 300709
483078 443959
250706 172922
392788 217753
796166 736603
566122 449847
929259 831357
796947 761932
164268 126031
184555 145415
185129 122106
234103 196967
344717 309032
310250 258632
599420 541484
481802 326912
922054 866295
225004 174729
164339 125281
352115 231662
469424 435784
843125 762768
249238 195115
640477 558721
357239 290113
287381 227685
407072 289046
177509 138754
3777580 3741387
171317 135141
171317 135141
638130 550542
578061 550542
404576 372059
812224 372059
273880 212648
161480 124095
209267 160810
202072 163778
218993 184283
518160 440913
428377 327434
367107 197054
760468 674518
319419 262121
165384 127981
291090 189148
160234 122041
177806 138683
262122 158102
160699 122300
721733 122300
708846 584046
749567 584046
170617 130562
227017 168792
261305 162782
162817 124539
176670 116414
609676 556036
570150 556036
596088 144620
388409 144620
1200410 1080489
174436 133758
202080 158259
182336 135223
246147 151857
261820 190437
625808 550573
658845 564370
855566 564370
263354 204792
529564 471958
305494 258784
321979 263486
265639 160554
225450 131754
542176 381287
380848 276825
338595 202908
303451 272337
690666 272337
328365 299659
537198 299659
173112 121433
174376 126039
304546 213276
182539 129238
355808 241504
180211 122188
168744 113801
428156 391044
410455 391044
230439 174094
171368 113461
508566 327013
407926 337640
318184 225235
210278 176738
742249 176738
568228 510795
259263 151352
243803 139476
193123 127631
173247 119196
837815 641899
804790 641899
764185 476554
1172811 977305
1172811 877364
1026640 877364
195503 127517
533041 420605
171992 115391
421441 364670
267071 167878
782068 167878
539172 420452
1004180 920361
879837 920361
550425 459801
342898 308225
631038 308225
277770 150109
181494 112629
518609 234779
292392 234807
699411 639815
764581 686831
768791 686831
592046 501487
279658 141656
548573 444590
417530 345031
404642 345031
569162 468761
525784 468761
388209 352941
1019067 966914
949759 966914
417390 364639
351748 198142
338112 259562
307845 130926
515816 438430
387318 357877
618181 357877
465084 434368
728052 694081
988801 694081
332753 278913
371311 338753
516020 338753
261761 164014
237182 140873
578299 524616
543900 524616
407087 377564
692576 658763
929984 658763
455641 338097
259409 231602
398323 231602
289093 193131
178612 120176
789451 737617
777018 737617
377189 342766
692487 342766
947150 873639
429505 383123
445784 349412
438629 349412
221332 131480
183801 122900
415735 323921
780423 323921
760629 707827
731520 695296
511346 478841
906822 478841
166186 114361
484514 386059
198181 141496
486352 427645
653051 506237
615661 506237
253686 225279
546521 512487
887901 512487
1142054 1070594
183935 141219
185294 132672
183896 142809
151937 116011
368646 338124
615022 338124
648174 603562
651580 550132
1251550 1186864
1046522 1186864
173224 136117
163277 128115
284111 252703
284111 252703
566979 470980
526544 470980
756777 718705
1276984 1208172
1240188 1208071
1139389 1208071
185063 147450
204064 142967
223355 177988
248378 139747
450040 365182
700893 365182
396531 360452
1023440 967780
877719 967780
367709 311739
153704 117755
163919 128355
159079 123009
156721 119846
604438 549965
587265 549965
377657 348114
632130 348114
472885 385906
659474 628882
880042 848008
1668257 848008
217505 181642
393411 356787
543219 488346
482700 488346
495870 420185
729760 593899
555819 517992
422906 357147
266459 231770
161230 122278
151096 115650
548122 491598
520409 491598
471574 346334
488281 449735
172839 126158
810512 620491
518095 463676
307897 255961
187556 138260
596041 466936
622567 511607
579898 511607
851785 799276
513461 481275
762032 729359
1155124 729359
350115 312486
476400 395866
321326 286599
576767 508274
508148 508274
326858 275098
410991 374831
1272712 1201027
1501447 1298067
2109073 2053020
1903199 2053020
434091 374509
542951 488708
499508 488708
280142 218382
715598 657528
159327 122775
250042 214541
648272 613396
967878 936530
977161 944271
1279641 944271
436751 402225
704578 402225
329290 219455
834336 710372
328557 290719
459104 367360
477895 401118
465736 388249
554543 516372
552290 558805
865899 558805
269352 229803
521874 480666
155884 119836
395357 310079
471439 399418
207960 124246
536161 500522
643555 525326
607080 525326
196318 154149
572185 517951
537828 501619
558485 521880
562040 470838
469238 434331
247944 212659
583912 549473
442793 340138
187808 141959
804062 708427
343490 307766
1021276 974888
582270 493935
1882854 1807748
2224749 2175513
847959 813302
477820 229784
271104 212426
208612 169919
1214301 1129027
670745 634559
945260 909055
863573 818779
425780 351572
773060 740214
633687 576725
591986 576725
219376 169389
715105 660526
183079 144392
500265 456484
818935 782287
641845 552225
640392 605398
444859 414215
689672 414215
651250 550656
465364 429372
1096599 1044635
829853 792830
554711 518394
324006 289169
259614 225746
806520 689227
353118 250391
438886 380990
801364 762467
870540 835793
1405488 1298217
570980 533002
878826 803463
1216874 1183123
735293 702540
369465 241421
204533 145997
625485 517700
648051 612134
906852 871669
1604859 1502917
720240 686039
650686 617485
1211367 1177773
361938 328520
597758 328520
327737 255430
500635 463160
346528 309388
737602 702608
743388 710275
675351 644710
1647706 1547011
1919332 1885941
579032 524835
500907 524835
390389 329711
722456 673739
723962 690129
1237486 1130116
307877 225764
853164 814610
773642 698735
573919 539167
445316 407716
693533 407716
206296 161402
228297 153437
1010281 951131
1266385 1215954
313257 240023
476501 441217
318211 284687
613128 529600
586664 487424
542432 487424
565469 503552
691323 607203
732894 699380
1288447 1194468
161428 126188
542467 468168
410341 375851
356006 311404
465916 431083
699025 431083
564594 515844
914751 864657
1469522 1367834
1478072 1443793
1511822 1479285
1282701 1249555
2309308 2159208
749898 715017
407783 368702
639663 368702
639383 591330
515338 478972
1068342 1032041
1328562 1239023
1189453 1157697
1778325 1728639
700372 668999
1024975 993555
564240 514811
537806 514811
795214 741504
1091082 1053085
1051472 1009834
1449441 1360751
1175700 1142699
2194012 2096485
2194012 2096485
1180468 1146484
576656 521128
491246 521128
330118 278400
896836 859737
1136638 1102228
1339582 1304637
1248037 1216177
1073449 1038690
2039973 1914414
987106 955364
436538 403726
693562 403726
535255 476223
1126855 1087589
1133410 1100149
1169599 1138832
1169599 1138832
1811247 1735328
561830 531103
986104 954752
871755 440656
857954 440656
858537 747240
878303 844222
899912 867967
1404948 1331825
1569516 1535632
1511179 1477847
1449319 1420425
2095527 2025133
492687 444980
457148 444980
688745 636138
1069671 1033793
899636 866633
1197941 1165610
1150092 1118676
1524611 1489981
734432 702042
1983345 1928183
605129 556278
587724 556278
835512 784207
1063160 1026681
1249074 1212659
1129567 1027156
1431929 1399382
1104363 1069454
1269139 1235781
2207342 2140400
505098 439413
431597 439413
786077 681636
993560 959387
1224566 1192586
1411312 1378211
1369389 1339391
1248515 1218741
996831 964620
2171898 2119826
838811 643014
789695 643014
708702 660751
732986 699254
880204 847784
1237596 1142984
1257340 1218870
1073785 1042868
1737191 1703971
2068293 1997866
259325 226390
609276 226390
464659 406030
1146132 1044464
1235528 1204155
1409728 1375194
1409728 1375194
1529466 1419521
2292150 2221006
359366 289777
566992 289777
402061 351583
528964 494053
825074 788752
1152885 1118647
1408549 1374029
1772403 1717965
687461 655231
992575 961116
537756 490090
513746 490090
480283 426987
1195288 1129224
915023 823269
1090421 1055257
1344160 1309373
1769275 1687312
2216010 2151442
346432 181135
630127 563308
627732 576582
882226 790569
1062482 1023622
587106 551307
1438593 1404652
1830100 1778764
966572 933958
644902 583597
626822 583597
268837 162051
893437 857398
1061874 1025924
1264962 1228016
1110228 1077701
5203750 5100891
172746 134377
3895687 3847180
378800 344111
629302 344111
615854 564581
826350 789049
769235 736577
871194 782814
1429620 1349200
296368 262834
577265 493523
631775 545100
602434 545100
547541 499615
621904 588507
902673 840963
1224660 1167918
165231 129011
274012 195013
357316 281094
404492 300295
569991 300295
345979 216735
429749 391549
457100 421299
477503 446436
1403717 1351185
273780 200700
455394 420653
778378 741534
274000 189788
664452 626553
738141 705322
576055 542858
960999 542858
1391478 1289301
197288 162687
358330 324228
620321 585404
426740 200698
391376 279498
625588 570539
756693 715473
786072 753178
1325162 1255142
260113 136961
147002 112441
1316302 1283097
210640 145504
221841 147420
473734 393606
213993 175404
142794 110162
544975 509073
636502 602693
993268 936904
596375 566268
466380 288949
391296 320577
338775 270879
317437 192566
580610 544514
181394 141392
157235 122944
516359 482058
687493 652866
485653 453487
375280 136635
423952 288948
191440 156195
466195 431509
198806 163081
347930 311379
502217 426787
759550 689546
622608 552485
204169 138816
190220 131475
409430 285340
252751 217425
173247 136916
156382 123720
266508 233636
801866 729680
648961 616753
425922 250530
640858 397899
319373 253602
163122 117309
215115 142654
499623 463581
327103 294720
566530 479556
633037 532203
202132 141135
222085 158685
275971 150358
381547 331419
627375 498434
469613 435102
1271970 1219070
231273 194343
446334 413161
316206 283952
546796 514582
220695 144585
615748 144585
338284 287479
534811 434494
1076024 1020671
756116 629486
475955 403114
634380 558483
666271 634039
419519 385633
355794 322827
573349 322827
677094 265855
417910 381649
700178 663796
456859 423752
192801 160515
465566 398431
721980 687405
482938 450922
311810 167605
584504 516763
274669 191653
637972 589002
1137850 1018081
478935 445332
832790 800409
260896 226408
471904 402680
439492 367814
386256 392056
572603 392056
233741 186706
361050 326033
1024322 968324
474408 428681
390152 346469
618299 532185
578507 546596
1257887 1225651
290375 258006
545088 258006
462200 353027
861147 662692
378470 297956
469565 397624
2138587 2082897
1050383 976775
1814094 1750407
1525245 1486841
260976 128323
479414 420165
432643 332263
680913 630529
1128438 1060464
323193 283943
338943 305828
193771 159115
257370 144998
504337 468049
257819 224007
409220 224007
230917 183797
180264 145209
673944 640112
1442648 1386212
605978 571838
955947 925384
1442051 1410324
785040 711567
395884 346490
379869 346490
775772 692044
839953 796877
984708 951701
1346672 951701
246791 212943
849345 812402
640876 609205
1265936 1234954
265576 232228
420136 232228
246142 193903
168143 130486
676798 639262
1326083 1270949
704182 670042
663160 628430
714475 682576
650783 620056
375966 320556
521417 320556
416047 321960
577379 543162
1349745 1290893
1318882 1282747
660686 625732
654827 623415
1043819 1012387
1451504 1378504
275518 124080
526514 419227
427544 308764
878866 838708
699561 596042
1671498 1613769
933795 899523
592788 557778
1045665 1012822
1534299 1500570
437693 287633
433243 366774
1354599 1274221
1482766 1274221
1481623 1274221
1313726 1274221
1458853 1274221
1945576 1274221
1945576 1274221
615242 580707
283723 251076
428801 251076
276358 217388
1098394 1060486
1124441 1090183
1374967 1340463
1164549 1074475
1956432 1869764
991744 959894
289520 241829
505318 241829
375327 247409
410061 331315
772520 733172
167027 133613
1207168 1128655
587475 544267
854508 821451
1237114 1160650
504493 465061
470186 465061
492700 402977
681719 402977
1017115 961662
373730 334276
355313 319632
676449 636904
623769 590571
512107 277512
536679 277512
239615 188311
709163 652679
473781 369342
235483 196592
215225 135836
607511 568627
291838 255533
277284 251691
418621 251691
351137 258406
173453 134158
164972 129485
196823 160229
228410 143987
173659 137990
194159 155601
155130 119511
290477 142074
528957 462406
304163 194336
913113 857937
374789 339993
622503 588532
278819 202646
444190 409581
734970 700917
303981 239044
438667 239044
343852 260015
195303 145568
313079 215320
571538 535019
172067 135571
419549 384029
831265 753669
337817 193044
317455 250041
431300 299418
174773 140212
249868 212568
234505 200617
171044 137560
1495687 1459630
1517365 1482392
1863351 1827893
183715 121456
381243 322362
512963 473995
1172726 1055387
879681 833831
702821 668039
677380 643457
441429 365824
710161 677151
231297 129972
490779 421292
487003 413794
214705 143064
729560 630991
903160 869810
1605598 1558249
1240403 1206397
1554678 1486625
290141 262513
420469 262513
370298 306077
594188 558133
1526360 1410614
1090679 1048341
1652488 1576858
1539353 1502043
836669 803920
342770 312787
453817 312787
244066 175221
823359 785603
496883 449916
596194 548713
163940 116986
688605 600515
2122337 2064136
624100 591654
250964 195974
313281 251441
716970 682997
613203 578431
1280324 1157897
175279 143041
725519 616314
472030 438293
446080 413042
188195 126431
209471 138026
324395 260929
619026 582526
1056636 999545
278662 206650
310912 278317
706672 673307
1681810 673307
182758 121536
203492 147639
258021 191768
848508 758186
543953 508659
1369084 1296853
224264 188895
370570 335628
1148615 1124359
444824 1124359
166531 112295
178045 125299
247861 186693
595655 558887
569746 540803
177352 130110
1679831 130110
520669 475460
554388 475460
532981 415837
649724 579105
585368 579105
629999 573419
649496 573419
670989 547966
589407 562387
585426 562387
1277880 1251089
507590 474908
1128820 474908
474024 440312
699130 440312
421473 392971
867764 780550
932236 780550
1496964 224619
705145 603311
1361829 1291173
910537 1291173
710227 681511
1031736 681511
624618 529064
601578 365439
753046 721395
882916 721395
450391 418827
471705 440644
1782073 440644
282570 249367
299769 268945
1753973 268945
266613 209997
424337 398218
1000417 398218
1419592 1344635
743971 626145
1317825 1220382
960280 931149
1399826 931149
942883 877683
918328 829014
360804 299095
298959 246009
586717 540758
216022 139668
1526447 1488279
926735 831986
688897 656047
1340001 1308308
1195595 1167695
1894440 1167695
2798274 2726723
737000 651011
625615 537179
803429 769279
1089347 769279
598377 523192
573287 523192
622164 593894
616288 593894
571294 515866
176558 119516
627972 536802
924545 864606
1298462 1171920
1501066 1444981
1201695 1146793
1438034 1399720
991398 1399720
1465440 1431697
2592448 1431697
181880 111788
602044 520674
594883 536897
1073629 1043313
2142793 1909295
2247554 2161446
2080376 2161446
2080376 2161446
1030271 937064
789809 734842
184151 126830
393994 358713
637455 558822
1065992 941901
1704696 1670987
727995 697019
1887437 697019
1143373 1113109
1841710 1113109
1067734 1001902
2844793 2764923
580955 546840
693401 660851
1025686 201356
845999 201356
453018 394876
533882 501963
974022 501963
413912 383759
633350 383759
168025 115093
584822 522281
504507 476144
691300 661297
1134693 1104668
1285803 1104668
1672257 1629272
269198 115417
1857911 115417
337797 311630
516739 311630
832953 686632
743000 665908
1146518 1092261
1341517 1276376
1094488 1045676
2078075 2019621
1619860 2019621
894503 841702
1420484 1368889
180736 126033
228344 196398
383204 350797
776739 745228
552499 521892
2043866 521892
434133 396071
629148 600352
1056691 600352
977518 920371
788069 733342
756991 724194
515751 724194
187769 157760
412748 378349
1256706 378349
184149 114633
439982 408274
677533 632187
555104 632187
835143 790281
488496 458120
839834 808212
1127936 808212
225054 190929
1367721 190929
341003 315742
348071 315742
674181 617338
227388 181451
989405 181451
954182 908346
167839 132962
4164541 132962
4164541 132962
314929 236677
456076 236677
785736 236677
303783 199273
464055 431547
517733 431547
625198 513157
1469499 1408090
154288 122008
439142 122008
517958 447557
515548 447557
481898 428108
385573 354504
827637 354504
1159481 1110133
860512 1110133
382127 312890
213679 152917
574269 504250
685252 653411
635455 653411
943062 867011
952731 867011
1356205 1219714
867158 816456
1091793 816456
344683 316059
316961 316059
177448 119916
470855 417975
529917 456091
735041 456091
1541012 1462153
1149879 1462153
243037 209446
418611 209446
309479 277981
307898 277981
646837 594066
593351 559013
334390 297302
332399 301189
171077 116784
171077 116784
180788 129795
2206215 2136114
352073 284365
340548 284365
652668 599338
284240 242122
1201301 594353
1201301 1047517
1256780 1047517
1262304 1136041
611860 495777
1001321 940572
259094 205228
530982 472834
586982 552191
1055914 552191
582486 474848
1142475 1089907
997582 969004
1483378 969004
191118 121110
213853 133735
756517 700108
490312 460724
579427 546481
957413 546481
419813 390813
829193 773166
732053 773166
182549 132707
195059 131067
769693 675882
365598 236291
268680 238442
474829 238442
651514 592059
232136 204354
358186 204354
1397474 1335298
189194 136210
219262 129813
721728 664036
605667 568833
921426 568833
788629 751438
271427 236521
1763097 236521
342532 282898
210315 140843
203885 146739
736539 670766
443219 419647
962890 925200
399769 368017
1508181 1466089
1474304 773403
834489 801281
971756 801281
178334 122263
291061 159594
825654 767953
621829 470308
1136968 1079909
989101 959607
1377121 1284392
1530753 1284392
1146551 1093696
2082451 1982743
184786 129318
214985 127359
716885 654264
605983 468413
972526 872067
930646 861923
1425703 861923
1728581 1697189
1954223 1697189
991546 939039
202337 170769
457644 170769
744314 670520
276936 185268
603101 569972
857104 569972
1306627 1274588
1290510 1274588
996992 967149
960406 967149
256106 111502
436672 381354
821577 750133
320223 288394
492418 460598
953080 875570
1452072 784677
1452072 784677
1854412 1723054
965346 912760
351525 202300
315606 261761
761778 690528
578040 348322
601204 564653
814573 564653
1071637 927239
894215 856354
736707 856354
1933592 1854448
300498 271113
468425 271113
830156 713953
430198 393050
721634 393050
763735 733503
896546 733503
678479 647578
1010908 922140
2021693 922140
335264 305061
340418 305061
726674 631723
399723 334670
668066 623903
1098158 623903
708014 673496
1257829 673496
596053 456987
827201 761534
290884 317776
422175 317776
658790 604902
876219 840290
476241 441879
1218879 441879
987425 941771
1914515 1868476
938644 908456
1465191 908456
402320 161598
402320 161598
702008 641847
1179130 996566
614511 560435
1582125 1309748
1407000 1293834
1825973 1727600
2308247 1727600
907998 844257
1123483 844257
2065077 2029644
1246078 2029644
348069 315265
522915 315265
885707 728557
1348132 1316977
293209 153539
293209 153539
1987778 1957420
557651 1957420
543258 478958
449038 388924
348760 179744
719332 618376
488463 351099
447247 399209
429250 304897
576666 374734
377541 348265
629990 598108
828234 598108
178555 120288
364260 286089
858072 698965
1573713 1511652
1795916 1706600
1336158 1176305
1844592 1715794
910737 872019
2871075 2821666
1737986 2821666
1496050 1437574
528444 495512
811346 776169
802394 776169
328191 270494
673329 624144
772501 741240
1279308 1245990
1210007 1245990
1715265 1587733
2855706 2725778
876122 845255
958198 926305
892956 862945
1046227 1015861
971633 1015861
562527 530654
619990 530654
2515489 2466482
604614 2466482
999802 899961
927305 890067
1308410 1237928
1240889 1237928
1613988 1237928
1948619 1874455
572503 536342
531161 499263
892063 499263
554278 403133
1018874 924334
970203 936720
440464 366021
536905 452349
1596576 1566725
1596576 1566725
1011824 979516
2205884 979516
1549208 1455588
343311 220740
217020 153944
899375 864242
633770 599520
1216051 599520
1016004 987403
1277609 1246174
1194471 1246174
1002279 937445
224796 157288
907148 836028
1076601 836028
560045 372886
975550 942116
928920 942116
388776 360495
605554 575507
866969 834790
751355 834790
548491 513104
478637 445422
910558 445422
320285 173586
575997 259866
556005 522559
604282 573178
995729 573178
231264 172991
248630 214382
758230 214382
608858 555138
369327 340374
748281 673153
942927 673153
480804 430149
448086 430149
807729 750981
541490 501642
599797 501642
510426 443776
351295 318778
495665 318778
634286 605538
1153898 605538
636383 572499
1575957 1510159
419417 387192
617295 581764
847277 581764
238631 206266
836136 802371
830643 802371
634335 603051
947605 603051
764863 704262
1961336 1836838
382813 345495
756263 345495
401001 334754
634697 334754
1061082 931295
540822 396834
1016411 984647
782659 984647
1933411 1850681
253636 173059
623130 549491
597751 309396
619680 588462
715944 682496
1091416 682496
658881 588896
1868872 1835906
1188749 1835906
282479 198298
293752 126110
262296 196458
730962 479640
1516404 947913
1516404 947913
1516404 947913
1974751 1944577
1065596 1944577
266399 230924
559452 230924
891754 818141
531581 503462
997118 503462
1005909 934773
1001347 934773
1758978 1600002
561205 532838
998339 532838
586622 338100
963928 909633
621274 909633
398537 417023
699216 665857
773148 665857
565674 502247
1358265 502247
182987 121741
370749 259081
282427 212937
477649 414019
882821 822435
1517744 1479177
1834062 1799888
1160784 1799888
948444 921711
842373 813615
2268300 813615
418483 268193
237410 157281
666701 638858
884718 638858
774173 733054
510852 436417
1144513 1113062
748406 715564
1635542 715564
2454636 2363788
352954 240654
437522 408571
758572 725421
816547 725421
339853 312146
573704 312146
210173 114738
319461 290129
319458 290129
2382228 290129
422750 312257
260288 124377
913289 827099
883197 827099
1430131 1397576
759524 687284
677171 687284
547330 474025
482964 452697
612791 452697
353965 262145
413371 380420
636060 380420
378644 296594
746244 296594
743426 691763
1657071 1566135
381274 346495
388480 346495
851248 771501
568465 525896
653976 525896
1405631 1357334
903731 1357334
1047308 1014566
210626 122529
436006 404265
1473671 404265
987469 844413
927142 866536
516314 484958
221575 185426
1059470 185426
592337 545099
1689485 1577515
365938 330736
514799 481275
1734251 481275
642011 499779
523807 457914
394135 269911
316796 281769
369635 337324
2117812 2031800
2027887 1956199
1544305 1511787
2768053 2705953
2024105 1991571
2661388 1991571
1692787 1636673
650244 336809
983478 932236
631667 600902
772432 600902
638965 602498
648021 617314
1072107 1039123
1340552 1307523
863689 809754
1055738 809754
466466 438157
748640 714952
1030126 984743
816854 984743
653489 576844
816381 783269
837425 806723
809984 781515
946895 919171
1710864 919171
462639 430789
637840 606596
2060063 2009924
1836865 1803154
1931205 1837651
1264253 1235138
1484943 1453756
2080854 1453756
1855279 1792144
1783044 1792144
544223 441158
1168384 1116963
1216872 1161126
1554171 1503397
1593863 1488027
1718016 1686527
2362853 2239962
2641433 2239962
1646724 1615833
1382549 1615833
232445 163702
676718 618797
1462800 1352844
1966700 1895835
1964677 1912260
1964677 1912260
2034000 1954288
1275712 1246200
1668089 1246200
1233556 1128302
320069 289436
974982 931982
1153844 1119563
855629 825216
1684333 1534042
1437855 1534042
645456 142787
509641 477931
755418 584593
969831 584593
142445 110551
818193 110551
765858 110551
352728 325495
443616 325495
1476611 1398396
571249 542505
1365119 1335730
828701 1335730
376327 349336
956521 925349
1119433 1090627
1360169 1311073
938542 1311073
165871 108194
801410 761796
762835 761796
809332 775857
801263 775857
287316 201719
1293181 1230917
1544723 1484668
1600407 1546583
1064447 1038896
1954068 1868935
1302199 1868935
2550315 2463106
1791833 1707940
222957 145248
797407 686406
480481 430524
1627121 1595479
1615758 1585189
900574 1585189
1697843 1664193
1327398 1664193
6276732 6160782
340531 217819
455747 136407
507752 432889
971870 912309
1990177 949730
1679842 1630657
1337922 1630657
712453 684997
1292755 684997
1082294 985995
313904 226831
456185 425509
694444 425509
374002 320050
605631 320050
1321310 1264635
809940 757911
863861 832602
862470 832602
322222 213876
520606 435187
682613 435187
398032 341051
1281584 1249021
955689 1249021
310609 280066
561427 527558
736484 527558
241266 167826
670779 167570
441349 407120
636700 407120
1265926 1202170
254626 229194
486401 229194
820954 790087
998991 790087
402783 244874
219869 151887
216387 153110
296061 239369
348787 320434
429349 320434
414947 384219
1081166 1049559
1499144 1049559
1242930 1118072
308202 201083
259463 124934
693940 555628
734504 684644
279673 226513
768145 696812
751784 696812
794494 741066
500200 447245
286157 212638
175189 118905
749306 715198
457916 715198
455514 422337
477575 422337
843498 793230
1086717 1023159
315722 250749
352630 203236
202373 132659
593144 132659
179711 128203
463937 126510
572199 509927
577717 509927
179884 117253
171124 115488
290140 188692
354040 200990
406349 349803
854557 780318
219154 136370
371124 343852
363141 343852
976095 918827
1324389 1207486
179157 129154
286232 161095
269926 203204
547800 491106
336261 111156
570840 500220
649811 500220
628723 576709
1339344 1269403
179148 125939
372044 229355
292786 237043
901650 852579
646252 852579
194230 139103
519314 489295
884719 812953
1358540 1323961
905193 1323961
186430 125380
340734 239280
272842 125251
566890 484703
337468 284647
191968 122476
447474 416318
495987 416318
463071 433607
1308401 433607
323231 250624
358558 250867
386240 350266
634890 350266
427355 329454
1171108 1106295
380326 144229
401768 370470
544096 370470
570749 483066
194191 128741
235393 159433
378984 346631
446537 346631
433404 410046
248991 155657
1157601 1126419
1039297 1126419
1004059 974642
2241208 2208795
1070760 2208795
393441 271569
377236 333184
456035 333184
357363 324629
878066 849058
1645652 1574454
1080861 1574454
2200539 2139869
1108131 1026114
851872 1026114
296129 208687
492730 329539
527433 495829
845093 495829
162252 131524
1206552 1105178
2254152 2196292
1127117 1096997
940828 910753
2390619 910753
327881 196633
168513 132339
731977 132339
952324 920451
783314 752110
1064606 880274
1294949 880274
1150503 1120351
2595498 1120351
2595498 1120351
321532 213921
509388 475752
688812 655877
1027483 995322
1206158 1172522
923280 1172522
536947 158148
524658 493012
561027 457683
551833 457683
243387 170396
499937 475261
431288 402275
601999 572688
1048870 572688
1231521 1176051
315951 189581
506110 432109
760783 432109
512609 461199
349244 240671
528971 504977
564372 534885
594941 566560
882666 566560
1249797 1111339
414197 199948
454324 429009
831568 429009
494995 439907
283129 199324
577629 546247
882583 849494
952161 909992
864723 909992
1371361 1310410
377762 251601
440684 409647
436638 409647
915214 862707
400233 253941
766630 732879
820634 788485
808101 775427
1183218 775427
752791 671214
2077268 2029236
836912 807860
771370 807860
1302838 1252768
352745 209100
384764 354256
713424 632832
934567 632832
1618342 1525131
952702 922300
967608 937694
899676 937694
2386706 2348236
569331 2348236
344096 246402
348188 263286
649223 620336
1132103 1099896
1231687 1099896
1026875 997932
868692 797288
698733 797288
867604 818039
2324912 2267267
576078 316651
309319 218392
264448 164184
494940 428718
239292 208761
1043811 208761
821131 789592
1067166 1035567
827737 1035567
277026 173090
275659 139215
247029 191581
777404 707486
211304 136083
253507 183324
239681 146190
486198 449730
876461 449730
1888775 1767032
250235 174932
291353 146611
594390 538478
256350 143596
662584 528234
482473 398293
929599 398293
812437 693319
1799223 1741856
167183 131617
545682 131617
855450 792365
518771 427186
649822 541943
932764 541943
1313228 1251948
873563 744928
695568 591214
270213 172884
398920 373831
425601 373831
739518 681118
626026 547526
571575 539779
965102 894338
1109916 894338
565466 448137
918670 849890
206912 138842
360923 313725
538491 313725
931905 796019
245771 214002
543854 479294
1185626 479294
711873 681733
1198470 681733
338140 230127
418556 341168
412171 341168
772212 720440
282479 210254
557974 481307
533804 481307
433809 363087
1507904 1441894
242764 173873
202140 140689
488048 428321
748249 689737
302499 114271
556352 516210
594472 516210
346605 226223
1426901 1372163
264425 154072
282390 190015
570944 499175
268064 201735
202305 128317
806957 503613
287593 263636
824290 263636
655423 594611
1616023 1551725
248666 169093
300398 142678
665146 568694
509317 478793
772089 789715
944494 872618
1266644 1229209
1305280 1229209
812619 759223
291269 172892
323914 291161
492552 291161
877979 761649
903396 733536
530352 497666
1013919 497666
921078 805732
1628034 1572589
255572 180532
450197 416203
458059 416203
799090 740668
357700 233910
358084 328097
357153 328097
787475 733159
825258 755793
230146 165284
516947 292969
633962 578290
633753 578290
413065 387862
279617 387862
656820 618118
732987 618118
568766 535069
1057920 535069
213141 154541
352981 200865
354717 296825
851354 704664
370367 148334
289028 230004
153320 103610
554597 490602
930864 861999
300265 181704
369162 217760
934037 899512
772907 899512
205876 123843
523724 449107
255909 226437
655882 584400
809366 584400
1256545 1185320
255534 169983
210217 155530
769329 721454
479363 721454
185161 129357
462684 402966
408730 378545
359573 378545
623447 565069
991885 932249
254797 143190
458814 424964
520078 424964
324439 231263
202539 129225
541181 445494
336092 138010
356281 312834
694399 312834
941690 886322
314825 170980
593201 558590
540121 497685
673075 497685
163900 112924
502495 406923
391551 114342
319703 187475
597863 473321
1066737 997590
231091 153554
413920 382614
429172 382614
781154 717614
331809 341372
331809 341372
415807 351654
645515 351654
279033 222826
1127396 1071299
337324 198863
366972 323054
457341 323054
731167 670701
238193 137283
544038 481667
327968 198262
449807 325412
456326 425762
1030493 425762
204377 146034
487193 406306
577337 406306
853584 782914
188007 111580
594153 463368
252774 209719
460936 209719
318174 261848
1029646 921286
248449 157592
366798 339785
372390 339785
828381 716967
454804 420937
444156 420937
314441 174781
301507 270342
626362 270342
1014666 956681
331546 232849
469631 321464
536818 506529
512832 506529
170303 107486
531773 416699
540163 508665
438588 406380
645630 406380
960468 904900
260170 181231
431870 252746
386645 326408
889001 821711
459107 409304
399818 409304
490588 341980
1313205 1064532
1313205 1064532
1579126 1521222
261681 185491
353130 281028
992713 728370
247701 141737
548098 491208
553250 483795
726599 694138
668801 694138
1058260 999649
262951 186565
243468 180929
370107 295460
202011 132351
220730 156837
488619 455331
1082333 711904
922426 711904
534678 289953
320711 262741
181048 122501
193626 131959
168639 122791
412157 339041
566100 339041
449893 369214
780200 369214
354731 255143
297732 219555
416746 153837
339744 282253
348105 284305
365330 287070
875172 740418
257298 155382
481643 433559
458184 433559
571841 480370
288410 191388
657375 592382
143180 110421
610687 110421
562074 507248
200233 136551
607428 465898
286976 199134
269450 210198
331136 167009
300284 231104
203488 157104
554422 157104
383813 290272
266592 177506
302687 174996
373945 263841
221094 132428
323791 219021
361259 257431
