17827115 11464981
1065959 838469
414196 266879
422369 269397
433300 289851
440383 296332
417984 270912
404175 245789
4333667 450966
570637 424317
557083 398011
396026 253587
282125 173290
568600 412830
399969 164806
4878884 331683
538658 305907
314086 238634
519457 393117
487823 333424
217430 148112
279235 215006
204650 133615
205873 133377
210990 129533
277672 183630
289473 188434
225524 144541
207670 136287
419584 176446
239692 159310
198960 122921
304701 195439
236510 131528
306206 193099
358659 132298
505021 220811
213987 142652
207930 139699
207168 140013
232212 165560
376707 149534
224302 129417
952064 246988
239424 164109
395257 158194
270518 164942
247035 150002
230541 137097
259924 162036
193482 126153
190178 124416
239435 144834
208708 137414
251581 133777
484069 245431
240055 159851
234829 154772
747204 220276
229709 139409
389618 184836
204977 134059
217467 142545
228145 132854
375019 169079
220826 149441
212783 141159
330714 140621
509400 241136
232775 137158
245278 153709
219154 149571
227064 144220
355707 167546
236857 152590
277108 181660
215565 138616
202734 132279
190151 123110
210845 129950
285706 178492
207042 135280
200151 131127
323402 147775
340427 154077
211089 131831
217529 143096
305764 133603
210152 128183
308836 198083
236589 154891
241603 143514
365886 273854
205877 119060
235639 140580
240474 156439
216860 146984
221573 147739
210305 130372
393247 166662
244443 134266
377853 185649
360743 224764
581959 173925
292304 138068
409905 181863
216294 130411
211293 143335
279401 193958
233477 152595
210694 124851
193850 129638
252408 175211
187436 127271
211370 147801
259916 172341
189436 118028
254476 127601
223785 150604
237234 145526
306281 190113
229346 140328
363310 181042
372385 251492
314464 154891
336183 166914
205848 141427
258462 164361
386383 177498
374014 198531
203040 132539
215931 152274
269673 179419
379115 166308
399538 221419
223528 159607
224420 138965
3779542 3689247
345739 176596
201905 136449
360387 212901
341073 187594
263966 173997
350665 235001
224366 149013
362577 212667
214667 144325
296234 196523
206309 128436
189158 128680
194691 126801
194184 129966
372977 191296
258729 195347
212993 151613
191244 129501
348870 188219
202886 139922
194516 130166
190561 132030
242082 160867
209322 122664
190165 130380
200693 126646
272513 138091
268764 181296
313033 203959
181440 122586
376766 196748
208853 143891
273057 182159
423183 195397
205320 139390
321350 191347
255006 175715
493813 258001
320814 176554
198420 117648
240288 160500
234153 155595
281515 152128
186876 128773
191774 131212
281632 162636
193295 133702
338031 190386
400555 192297
267670 147414
206928 133085
185949 126107
190672 129513
387638 170121
615908 239791
323669 187286
239928 130043
231114 143825
174677 119078
274803 191758
206535 138198
180598 114920
244858 164029
186241 127708
203230 145608
182805 122210
181573 126396
340785 162912
255269 190685
227362 168026
381309 189347
169950 115024
200730 133430
196828 123046
204103 129565
251965 168198
298307 155553
269623 173691
257990 130452
188793 129540
265736 163072
335957 190926
216712 136592
396476 302723
421795 251094
275065 167913
447606 183824
247494 141365
243441 139780
286000 197025
197343 136215
236458 141784
338060 187688
328083 170031
240679 139653
218816 159499
317026 158923
202423 142339
204711 145142
313771 169408
213414 130449
293867 159773
256000 146345
216735 146407
188168 120992
190112 132299
300739 183589
197978 121653
219964 135645
223502 154860
285460 160260
223630 146027
252993 190040
194041 134085
183178 129428
247420 155653
212012 143188
297414 149940
690478 241860
224876 149285
276290 153778
196873 143395
167052 117471
185245 133510
168176 115856
192510 128697
169216 117873
190106 138577
387469 149274
233865 147258
186117 124802
329828 152299
337500 266813
222384 133439
196297 135929
199870 125295
174032 123649
209902 142115
161418 114096
177882 121998
314220 246609
339630 182491
190075 135411
201202 145787
283612 147773
5651896 147773
283655 162059
183591 130247
241134 137015
187835 136108
203967 140834
302235 152046
384186 184911
185223 133937
294749 162661
231447 161976
258307 135452
219483 141172
259141 141492
289860 186408
177276 113677
191028 129077
320276 248733
208553 133867
208110 143620
291174 220790
230552 161015
250657 187037
273692 204133
162599 113743
372788 217025
335719 240641
350370 187238
196975 130432
296271 141004
335953 223785
175277 122942
299614 145149
185961 131820
179513 127393
191541 130624
288915 160641
278907 145355
282179 158348
204948 134562
301691 171316
366441 222927
199462 130587
306382 164024
410507 303816
419921 187106
192493 138280
294052 155472
392214 217125
339735 189702
189745 127223
197567 125487
300459 162868
342905 195620
492408 269502
270943 191071
294085 152381
218850 138890
184351 131054
193270 121631
218229 141791
261989 155319
350348 157265
361361 180387
359683 205483
204655 118967
225697 126430
258681 137745
196269 119351
254788 161997
218488 134547
235014 160482
201069 129217
206300 134133
1400681 125697
250356 128525
239444 126544
293974 166951
207539 133621
297670 130012
207067 138196
1164211 230126
254886 163045
303077 140996
242236 144004
196337 127155
233815 135811
200743 129523
171192 121163
314864 149877
248455 140454
262035 143169
239777 136795
245187 135767
204301 128350
305953 153558
250793 140155
241194 142694
174719 127288
232852 179710
299065 149973
224312 174400
177631 126641
278733 168445
186051 132632
235472 153989
274618 149282
363321 172209
221534 153537
339324 161371
229085 171202
201060 154015
185399 125295
187074 138098
224958 141748
230995 167320
178146 126973
307474 141159
261336 155949
202076 149195
295903 163765
187230 125868
220804 171755
358631 254024
295135 155154
349270 245526
330083 162542
198022 141546
391179 283461
468155 272818
1541475 1447453
2910231 2770062
634007 566881
235494 175893
309554 164959
698122 593368
185836 137608
173838 125974
175885 128089
210116 130959
304361 147365
393798 330043
317582 233613
269899 156908
225583 150952
264238 140338
653965 550735
254696 191327
184556 133228
182216 130715
464884 198954
284147 234813
206803 145331
290457 160659
194530 142632
167764 119681
175167 127658
364204 229960
218788 141106
181270 129156
180493 130818
504392 455889
203377 142834
236770 163835
216870 166887
263369 192320
234053 183767
220465 160624
344205 192578
210874 159474
223537 152831
436174 314470
327993 192848
240628 165218
335068 174011
244154 136551
172562 123153
368944 207748
184196 131007
403214 203210
237599 121196
183488 135074
188061 133693
211445 146556
199950 133312
181646 131878
276903 156412
299665 206829
301634 190621
261787 143027
174892 122427
171337 114298
352361 260789
190921 132075
194758 135435
176805 116336
285656 148484
246043 166293
184649 133296
205282 142706
186706 124738
206495 143960
217132 151995
223153 136902
341921 203698
243412 137247
177462 128611
264448 151235
177348 128938
215245 129633
171259 116665
183181 135841
290991 200105
411478 183223
254765 204732
190178 137764
245234 176986
387623 280703
228738 173206
193954 119721
178738 131335
201415 144115
171394 118253
607653 229674
329272 241548
295294 162871
265906 143883
286440 172147
188932 124893
171034 116303
205631 138863
163031 118189
186342 135029
305792 216260
322375 247309
267603 189174
335939 240115
208114 132695
176924 128034
200974 141400
325722 257152
188270 138198
355609 289932
274298 149339
213014 155195
270677 157026
215411 133534
412629 133626
292685 154433
222538 152707
173731 125100
289307 154055
179593 133353
221170 144228
189903 129601
161139 115895
771022 115895
194183 129903
249400 168442
176837 128475
269523 201784
195335 148725
341907 178956
225183 136706
208862 149525
199972 127121
233207 149558
203029 136597
335719 207701
287005 153866
252362 148863
184814 122791
263686 156838
207710 140875
208225 139293
377862 168266
197108 118644
243050 150685
198966 130469
355924 192113
188660 123814
187200 140832
248878 145047
334607 246878
321768 148267
219067 146437
246378 168153
379966 237665
238939 140833
230980 156912
235412 121241
175014 123917
227459 126604
196337 124221
193676 127448
192520 124572
201275 126280
234771 131091
253116 133237
249641 132710
243293 156850
225904 174654
202561 135173
211032 140729
340177 163869
328774 147502
237529 138508
1472975 224815
259068 173793
208738 132744
270859 199860
352833 187767
220815 149017
211045 135590
273857 157392
213348 140778
196289 124276
468360 247258
328178 196322
199596 136821
201473 129170
269770 205608
228081 140309
349027 263760
236215 161400
553145 208034
210298 138192
450115 234502
311689 160234
185553 120726
336083 145317
202025 123725
331165 218088
230890 147607
219840 139562
198155 117492
194580 126053
223144 138087
275687 121553
297661 207958
255813 146019
180690 120799
283125 172316
233337 134607
196546 128685
207519 132352
460336 268404
192271 124758
206100 136393
222742 120851
396610 238289
224030 127565
242842 174035
187384 117063
184316 119529
218845 152424
283757 136741
203576 142284
240753 173048
215932 150217
338360 211613
527548 308593
211394 134548
217232 132578
274632 155036
246064 142299
252472 184752
219785 145342
195014 115740
329717 155445
283940 150603
323868 149643
303113 154081
410427 224465
372882 233909
178561 117006
249107 179073
226254 136897
327560 150104
271723 179873
350919 163637
367016 161253
203813 133684
288056 164334
200914 133198
222258 141705
307882 164316
232174 125953
230797 146353
206750 132311
292151 163129
212611 141074
201798 115218
301517 156500
240298 150072
316262 152039
237140 169831
369168 260390
396965 246970
200569 118757
195247 127703
351234 255704
279850 162361
285250 146722
295636 143785
319249 189160
201715 132993
231583 146443
305756 142535
307971 145031
216019 151575
209611 144039
218153 150874
358532 269613
222902 121937
293318 213530
282109 138020
223223 141173
221329 153464
348267 247981
220703 153955
195941 125655
299732 171448
258677 195999
211782 132255
191799 121003
1620766 190174
329478 206610
299637 152047
201134 126001
194259 116393
188742 121246
345914 218938
336459 230297
214060 147567
211225 118000
287518 144050
382947 207998
205533 127093
498992 322740
337521 272991
326507 243808
458999 269651
207771 130589
275418 143317
252796 157851
201179 134238
461022 233317
213141 116969
254288 171675
197886 126759
234490 165131
253271 148660
202641 114243
172734 114886
208082 127804
217543 109183
355706 268703
282337 141321
246501 139884
295718 162938
249783 138804
235286 132251
183710 117687
218151 142417
201852 124035
229927 164432
380728 232987
236810 140582
192590 116836
186116 112405
325560 208922
299225 179174
195601 132453
264059 136808
358052 190078
236410 143917
574420 230809
178118 116266
164488 121931
255448 144090
269617 176074
359402 275867
256027 179932
351254 203957
272443 175203
313056 166653
313806 179654
213305 124306
235060 151035
313975 246514
295877 144068
216430 139992
214235 123094
290423 208276
207484 118844
236581 157674
411827 323014
202360 137830
167284 121786
177948 120961
292478 155580
187483 125713
240434 125394
331122 238737
279581 199468
216960 130984
216247 151478
295051 152937
340009 253818
338785 271952
209860 144131
223540 142265
261358 163103
227731 148550
306883 209007
260892 107000
332730 157513
250861 159625
182500 134381
190031 131573
213915 119150
293185 213968
322983 212499
215019 155287
226225 132597
404343 315507
567948 250459
169764 123674
156415 112940
240982 139725
186916 129386
278521 151724
3232870 189322
211674 141991
179142 130393
177919 118984
502115 250266
244156 169133
264711 197700
207943 117939
315720 248417
280740 219248
269985 204337
188251 142872
163120 118536
186581 142399
356180 165326
219672 143579
389391 165824
253799 205302
198348 138845
234954 178939
192224 142034
367547 309078
390521 347191
183017 134649
317987 230956
233076 159306
181951 131620
208018 126278
187305 138202
294493 213593
183168 121568
184525 123818
224754 177916
174013 126154
264985 188826
260705 147767
181163 131564
182613 134924
162055 118328
455319 263868
223599 128437
180819 129459
218037 171799
233277 185544
517546 360858
206636 140270
216707 170823
230394 187496
169516 123003
388859 156423
283032 163085
204687 137417
190588 113795
188961 144840
216691 168579
197717 117387
167988 113516
244594 201438
177648 132064
183986 132328
211971 149128
183453 123094
182920 134977
197114 122084
360761 231410
212281 159788
179157 123116
184741 140222
203091 127175
234134 162832
171827 123911
621934 543819
621934 543819
241131 176560
197145 122996
162187 116685
170994 124846
160591 115895
276330 212412
293032 164199
210660 130465
242529 153771
275854 196054
188411 141548
201055 118812
164378 120059
162706 116980
252731 180015
193338 140690
226393 141925
246175 160657
343418 175902
312533 174696
223067 144649
414360 300336
181081 136777
292112 172007
677553 623383
266578 195581
218666 149780
184282 140558
269323 185781
200345 133265
168394 113886
178692 113207
239382 128136
343290 210340
324549 150094
286238 150467
201224 132281
1749789 194731
199755 128016
157822 114481
514258 114481
312171 136799
313525 175666
361855 226502
208003 131236
207380 124568
221505 153215
201777 126438
515521 126438
167149 120664
636355 335758
287469 170393
187941 123542
255770 175369
260949 190050
248418 139975
216407 141936
298676 215354
197615 127640
255093 161780
229295 147342
257861 170500
296400 228074
232587 168148
397888 136105
329098 262688
456329 401691
411370 401691
199047 126773
193373 127046
222060 113843
236150 143963
243328 171331
189601 123842
219360 150366
600844 150366
293104 173697
202243 130443
285758 173034
248389 153758
224418 143546
246463 165249
194265 122463
200088 129024
279317 141684
317603 177292
293844 160565
673775 581652
220350 151187
199205 133773
181660 117126
165751 121338
589778 121338
296165 144044
200814 131325
193485 121140
239447 157059
212882 136777
228207 156639
229920 151402
201237 129071
523368 277372
219062 144035
472161 276985
197231 127651
182151 121938
232086 156162
291528 179443
191009 125168
223245 123088
302983 207459
298177 219036
6155329 219036
5364082 5220083
674258 624986
186397 125841
320613 251977
177354 125910
211065 152608
151396 108801
206346 160300
168036 122767
386605 243918
197783 151703
188713 108144
300480 238831
325398 249206
334620 270019
181235 126525
182856 138757
240864 151211
288876 147631
176362 116384
205662 126016
177093 128276
230401 136616
369853 271314
208092 163455
214810 122442
184827 135645
183966 128396
333065 194255
177752 123643
160146 120256
361857 260302
237982 146322
234471 132107
228939 174440
303735 161927
295596 214360
207236 162577
166829 120230
158205 114017
441522 274285
235397 184520
197632 149493
199710 153013
169664 121630
362003 258516
189325 132300
170499 123176
460249 232444
344225 248934
508086 252279
172191 124797
262054 205018
318469 218628
406886 253872
169802 124590
171775 128428
161905 118267
334520 239949
292594 200497
203296 129424
203295 154794
164882 119446
391762 226857
415993 277302
173169 126991
170466 124765
167442 123193
365854 237295
164844 118132
185724 117524
310267 136501
280635 202181
439058 313644
195972 124447
521836 456959
160456 116544
663040 319299
424388 233692
238927 138338
189371 121101
164561 120482
355500 233305
306930 155896
970003 155896
281923 215117
245973 134316
289587 207476
482360 309518
389008 173409
261198 201453
221958 144802
266394 196674
194524 137670
854151 137670
227447 121050
183180 118676
238437 170070
383705 241631
265517 195271
179504 133247
200694 131261
409836 242501
389933 255813
288582 154072
228589 162072
184204 121021
384479 252794
401740 265428
162379 117385
518188 117385
305554 176134
219351 130456
172222 126153
889281 126153
206577 136800
231696 147724
208354 128638
521012 341510
215467 153402
189474 121112
190820 125330
400544 248488
423977 236427
308833 226658
879251 608870
1157926 1089971
402945 220720
354944 168406
240937 169034
1416721 1219451
189159 121710
372243 257825
375642 255312
348482 144145
323691 242630
268216 148350
362625 240364
382892 248497
189590 124983
282651 143952
262864 166108
327890 227104
389386 242256
182866 119323
227759 160132
241972 162980
389165 268698
220746 177288
844730 177288
187711 123174
215412 122438
416099 278780
189229 124304
185106 121663
217530 151070
499159 291131
259225 174559
601002 528027
245323 182843
249465 145070
413341 268315
222332 131736
369894 178513
190844 121918
284294 190524
360261 208362
199053 129839
196531 127039
250792 157032
486630 278109
209343 146319
196933 135507
297131 231280
198498 119310
374972 256500
218763 147105
262876 197753
1107923 846599
404491 278373
329906 209365
203150 123875
225215 132735
318624 189266
656337 333974
216047 141673
247240 164947
313629 192367
436245 253632
386139 261100
195978 123553
275667 119906
208406 131026
395049 242959
189137 143881
694200 143881
182513 119361
198230 134309
493692 270918
312375 152185
238122 162222
309578 198999
209278 136807
307372 188516
190872 128510
272670 134513
217425 138505
474991 286071
351612 230735
216995 133280
187211 122100
208843 138518
380827 244258
456139 261108
211898 137305
209101 126083
194151 132130
229148 149051
267656 173090
231270 160554
197653 134782
188529 117941
367915 236930
161902 117830
642295 117830
259730 150319
189384 120090
200227 135194
275295 165096
227856 151757
227053 122045
250294 182286
331807 183826
418940 269721
269782 194296
610805 530396
259113 160819
360384 221963
323473 187813
201687 137033
210520 144665
179501 110216
211069 127372
255973 156445
238660 129042
255006 121794
182076 116197
226895 128137
267363 148852
833780 148852
200591 118511
227750 134508
555031 264623
237228 192074
722784 192074
195428 116042
265498 159071
191545 124345
264570 171089
209007 143621
251170 122031
197880 111521
390613 219047
428775 270609
296800 146036
211590 145722
255722 148863
369906 195402
408353 222360
188002 122167
225972 158190
343739 188601
221049 130994
279397 156167
206625 128835
181516 116645
160711 117370
518954 305734
211173 134489
227372 157749
650739 522668
354251 232337
292229 182706
288470 152545
232484 149909
202790 134844
299115 192720
250494 181582
194610 115736
243867 131929
200170 130776
438207 300281
298435 146938
201216 126802
185137 120194
296498 187930
266443 173429
271478 137155
294242 165165
230098 149698
253180 148810
192740 126593
429258 270590
199108 125948
286585 162131
376360 253169
166482 114143
306650 147891
192828 122035
395620 228412
289779 178110
257926 132703
244609 141158
313724 192305
186894 124870
223961 114320
288007 206713
183268 115745
198443 119909
384190 251805
204210 129792
431240 251017
196358 124847
300694 189027
212607 133019
323187 208265
329583 160519
380439 257357
360918 215677
1845121 1696970
1906633 1862767
2366098 2299237
5286834 5240238
5115741 5076469
4674907 5076469
345863 270505
1594743 1436444
1585790 1491654
2036878 1807386
