17944409 0
1108569 0
202750 0
228327 0
248582 0
401356 0
408135 0
216106 0
454657 0
443940 0
218097 0
526080 0
330473 0
225484 0
275013 0
1890469 0
255050 0
198333 0
290440 0
194798 0
283889 0
211565 0
318036 0
183201 0
222885 0
232141 0
181037 0
187570 0
457047 0
404059 0
196951 0
455744 0
246904 0
255579 0
205392 0
883991 0
204325 0
1012914 0
328211 0
319644 0
195767 0
186829 0
193569 0
228872 0
186356 0
218539 0
192502 0
195796 0
199433 0
360566 0
233996 0
194792 0
264854 0
255362 0
277930 0
248812 0
199949 0
201004 0
221715 0
204921 0
340368 0
555758 0
2191559 0
315858 0
311089 0
220004 0
247828 0
340242 0
240952 0
221869 0
204825 0
221442 0
243204 0
245209 0
268542 0
705348 0
282460 0
411112 0
261800 0
433249 0
241811 0
355666 0
331633 0
302906 0
411160 0
538582 0
351814 0
308705 0
239546 0
297947 0
311258 0
210195 0
202269 0
192898 0
212989 0
201179 0
197623 0
226082 0
259340 0
222967 0
299404 0
512422 0
420446 0
368795 0
229716 0
279992 0
281097 0
192669 0
196918 0
215398 0
212426 0
292235 0
232076 0
184339 0
327763 0
263933 0
198726 0
395553 0
326448 0
381949 0
176419 0
1616619 0
2370986 0
602366 0
193996 0
281559 0
286841 0
203387 0
196383 0
202654 0
207349 0
247306 0
313150 0
213195 0
181373 0
254661 0
287848 0
219971 0
255296 0
227487 0
483003 0
373916 0
196489 0
269992 0
184434 0
185371 0
213095 0
179521 0
329635 0
353591 0
269911 0
222682 0
183970 0
176693 0
196281 0
254589 0
238227 0
197913 0
305575 0
213018 0
175300 0
193763 0
255818 0
223178 0
215103 0
185051 0
205095 0
248788 0
309277 0
310057 0
209352 0
309534 0
325787 0
253768 0
191003 0
176956 0
190941 0
192450 0
211040 0
202695 0
427296 0
256329 0
197547 0
200903 0
346351 0
309962 0
172979 0
435464 0
196259 0
206734 0
165749 0
291537 0
176567 0
183853 0
210453 0
167664 0
204545 0
230047 0
294280 0
315596 0
170888 0
178297 0
363670 0
222772 0
190081 0
164197 0
169920 0
205724 0
336171 0
218135 0
248457 0
213089 0
383349 0
273168 0
250597 0
6209944 0
185400 0
436827 0
178901 0
223493 0
172444 0
246189 0
183377 0
294447 0
166244 0
179535 0
183729 0
209146 0
591123 0
174921 0
220978 0
170812 0
516191 0
223450 0
290233 0
307145 0
189818 0
216712 0
216712 0
198439 0
205308 0
221800 0
322949 0
156643 0
223585 0
292422 0
230207 0
338195 0
294255 0
228160 0
186790 0
189331 0
185886 0
415562 0
360860 0
310704 0
460763 0
217695 0
221211 0
282771 0
333911 0
264994 0
180983 0
368373 0
187240 0
246082 0
204221 0
199035 0
246917 0
190084 0
157630 0
304009 0
193331 0
184185 0
245444 0
197294 0
194463 0
186530 0
313605 0
455207 0
179696 0
196492 0
155277 0
265543 0
300964 0
180664 0
329219 0
194711 0
176362 0
240374 0
187812 0
267799 0
314504 0
195731 0
187023 0
653442 0
216172 0
322954 0
166769 0
204210 0
233341 0
352861 0
342075 0
283965 0
292982 0
166820 0
337260 0
177181 0
239578 0
197758 0
190537 0
240993 0
281745 0
248126 0
353914 0
443857 0
237854 0
292422 0
283957 0
385513 0
906414 0
207440 0
199008 0
171102 0
351230 0
4814281 0
279235 0
192678 0
177311 0
447487 0
295839 0
333560 0
286749 0
179911 0
318003 0
223919 0
666318 0
218432 0
168704 0
378661 0
239924 0
278485 0
191482 0
383780 0
354270 0
181264 0
452883 0
199506 0
208010 0
169211 0
245222 0
204311 0
266726 0
200792 0
382273 0
299528 0
318218 0
494849 0
387327 0
378704 0
214753 0
171706 0
358852 0
232367 0
218245 0
224005 0
177813 0
191157 0
200379 0
211523 0
202032 0
344632 0
540176 0
217615 0
198533 0
216684 0
228925 0
306694 0
178250 0
220666 0
191715 0
225645 0
239300 0
217851 0
186901 0
217402 0
320216 0
414672 0
173772 0
227606 0
191011 0
186221 0
396224 0
173602 0
165206 0
228758 0
352012 0
276573 0
192407 0
341482 0
202428 0
166872 0
206113 0
168036 0
329660 0
181027 0
254116 0
227221 0
170159 0
176525 0
207158 0
351538 0
174034 0
170731 0
329607 0
175942 0
282871 0
255626 0
192914 0
246046 0
438856 0
205985 0
358245 0
193651 0
192355 0
164414 0
508119 0
180414 0
195393 0
193056 0
174261 0
215299 0
170771 0
276633 0
209836 0
159289 0
385963 0
344119 0
224337 0
179118 0
181072 0
199571 0
182900 0
267029 0
233177 0
255596 0
168213 0
229470 0
266278 0
274431 0
259287 0
305357 0
181268 0
159459 0
367477 0
278810 0
236484 0
210075 0
170528 0
430439 0
183152 0
240286 0
161169 0
252116 0
358482 0
157496 0
330427 0
187039 0
153092 0
365767 0
170533 0
227105 0
356137 0
324975 0
253784 0
199336 0
179039 0
278812 0
334550 0
213849 0
182627 0
1066159 0
206214 0
233057 0
284327 0
161067 0
193694 0
195361 0
273011 0
468041 0
168320 0
1345452 0
204578 0
225090 0
170952 0
657657 0
178194 0
492060 0
191195 0
161387 0
492065 0
303256 0
229217 0
266506 0
280695 0
164916 0
187975 0
155052 0
315208 0
374250 0
211968 0
165621 0
285195 0
170881 0
179382 0
293444 0
159225 0
270463 0
317386 0
208995 0
281797 0
240460 0
205786 0
185231 0
420596 0
168881 0
244763 0
176891 0
159973 0
311974 0
184204 0
187869 0
285189 0
164946 0
307360 0
168615 0
201389 0
269732 0
170251 0
418233 0
288289 0
232087 0
208140 0
165760 0
164783 0
639337 0
340366 0
298571 0
165143 0
351483 0
309463 0
200103 0
907308 0
161442 0
254352 0
206315 0
250205 0
196393 0
193840 0
339636 0
356545 0
216667 0
153075 0
608346 0
325890 0
206111 0
242537 0
191102 0
170451 0
249912 0
203055 0
196019 0
991620 0
201482 0
451214 0
242110 0
267023 0
406372 0
161603 0
242891 0
220369 0
306599 0
383429 0
185374 0
225395 0
393017 0
232237 0
281325 0
148382 0
335319 0
190552 0
220826 0
276398 0
198420 0
481811 0
714479 0
298438 0
178944 0
248311 0
726625 0
277677 0
933911 0
692650 0
333223 0
266631 0
265183 0
208194 0
270575 0
219427 0
438820 0
284900 0
206352 0
343113 0
196891 0
305562 0
181536 0
170128 0
230261 0
306309 0
242881 0
250054 0
312201 0
194740 0
190702 0
361240 0
210052 0
249465 0
181203 0
203601 0
169059 0
171886 0
242069 0
191585 0
192164 0
169223 0
297269 0
292611 0
221182 0
179971 0
198403 0
282578 0
218976 0
229397 0
262213 0
197225 0
238039 0
220140 0
278741 0
177496 0
234152 0
176629 0
273710 0
191787 0
227006 0
344339 0
180834 0
214678 0
290255 0
178579 0
270500 0
190914 0
205770 0
168516 0
178525 0
235785 0
220405 0
190540 0
145920 0
472776 0
270149 0
181617 0
225650 0
728133 0
275993 0
337517 0
187341 0
294825 0
663952 0
232514 0
230963 0
298658 0
215061 0
377715 0
670874 0
258096 0
185371 0
315454 0
211810 0
172056 0
263295 0
281268 0
282237 0
230059 0
179279 0
218642 0
257139 0
198335 0
229414 0
290410 0
258174 0
235399 0
248826 0
181941 0
181190 0
298437 0
191931 0
265576 0
182749 0
174462 0
1089511 0
192839 0
223568 0
312042 0
190792 0
407857 0
366752 0
311806 0
278398 0
209360 0
443764 0
269396 0
404839 0
189873 0
333651 0
217398 0
363882 0
185651 0
281255 0
356981 0
213070 0
339787 0
257833 0
197573 0
319989 0
344714 0
280985 0
244531 0
268553 0
190595 0
224629 0
198625 0
170004 0
224343 0
223776 0
236411 0
231710 0
213346 0
286058 0
241398 0
292163 0
207431 0
315287 0
324312 0
279885 0
282166 0
7204184 0
575174 0
243026 0
254485 0
162575 0
222072 0
191667 0
233841 0
152596 0
261017 0
239189 0
186371 0
305987 0
240992 0
168770 0
265813 0
197070 0
207075 0
301153 0
249904 0
167412 0
216419 0
162132 0
170994 0
232977 0
192451 0
208060 0
163304 0
152090 0
257876 0
279325 0
317685 0
180821 0
169280 0
382468 0
175032 0
174456 0
182288 0
178167 0
360206 0
203986 0
286374 0
183973 0
291684 0
202855 0
162142 0
189777 0
154194 0
160129 0
383105 0
266941 0
277350 0
167445 0
155772 0
381642 0
173470 0
325528 0
153450 0
156354 0
724661 0
164279 0
336672 0
160316 0
191844 0
344928 0
170544 0
387835 0
213790 0
256521 0
193768 0
728768 0
199176 0
152486 0
152784 0
335051 0
369036 0
207367 0
664844 0
295358 0
305439 0
180230 0
275465 0
771776 0
167205 0
249012 0
728017 0
247442 0
194111 0
202569 0
333455 0
224195 0
260346 0
223794 0
209870 0
311434 0
352910 0
156094 0
186726 0
333236 0
180630 0
203609 0
174768 0
169416 0
264333 0
205675 0
272977 0
157896 0
336183 0
296804 0
354305 0
190378 0
242291 0
366710 0
183848 0
238303 0
191091 0
356132 0
224255 0
400473 0
191982 0
179071 0
278175 0
182584 0
424925 0
201867 0
165197 0
493777 0
239091 0
283562 0
174593 0
416702 0
226325 0
436453 0
495134 0
202494 0
249649 0
699616 0
373188 0
194590 0
240559 0
395027 0
303527 0
222774 0
196048 0
365035 0
203554 0
247451 0
734909 0
193553 0
388584 0
197755 0
215107 0
231221 0
228286 0
496023 0
197607 0
282919 0
235242 0
182259 0
347286 0
281943 0
306941 0
187261 0
5040981 0
388963 0
322601 0
315444 0
216857 0
209796 0
493160 0
309134 0
401693 0
239834 0
166644 0
324691 0
171045 0
194557 0
176909 0
558075 0
424519 0
168094 0
252914 0
641007 0
252814 0
306833 0
182709 0
298188 0
779083 0
172034 0
330927 0
254448 0
623193 0
623193 0
180144 0
476304 0
223753 0
233276 0
217915 0
149625 0
340283 0
167029 0
215432 0
219211 0
144678 0
270737 0
1978190 0
163088 0
285011 0
887404 0
285994 0
503714 0
195729 0
375279 0
294358 0
367199 0
374926 0
244265 0
206791 0
360298 0
171297 0
288994 0
153852 0
157617 0
324758 0
367687 0
231174 0
196399 0
176013 0
352360 0
189079 0
292913 0
220982 0
177652 0
148676 0
263325 0
596599 0
156352 0
213571 0
265044 0
236176 0
161242 0
257159 0
155357 0
207811 0
176928 0
256519 0
179526 0
152038 0
313148 0
155917 0
171685 0
188911 0
144760 0
194571 0
179241 0
233663 0
270532 0
259230 0
259816 0
150646 0
351052 0
169619 0
182396 0
199526 0
285046 0
326931 0
223291 0
166219 0
217183 0
358867 0
212986 0
211060 0
239666 0
201751 0
308525 0
195754 0
315157 0
151016 0
160275 0
348089 0
285146 0
258942 0
235801 0
181620 0
297397 0
315193 0
183683 0
223709 0
228409 0
264421 0
388482 0
252355 0
184276 0
153623 0
229137 0
248863 0
156911 0
157806 0
203253 0
285329 0
182742 0
285555 0
156028 0
155244 0
231294 0
242020 0
212758 0
189125 0
169238 0
166186 0
317723 0
291965 0
258171 0
206448 0
204060 0
356223 0
271296 0
152657 0
412265 0
326737 0
206907 0
375049 0
784299 0
147653 0
303870 0
188357 0
222286 0
199038 0
330702 0
299390 0
284083 0
259714 0
165423 0
140814 0
165364 0
677976 0
288020 0
177954 0
212968 0
144085 0
470772 0
193053 0
172264 0
241317 0
191956 0
188356 0
164197 0
152810 0
207565 0
182697 0
192822 0
186824 0
221383 0
267595 0
349789 0
171274 0
214866 0
221436 0
182184 0
182571 0
711027 0
153515 0
264063 0
208966 0
225045 0
168560 0
320304 0
246900 0
382371 0
266688 0
198831 0
240205 0
188886 0
186617 0
229204 0
615139 0
298071 0
151573 0
247612 0
237947 0
175536 0
691550 0
433773 0
407931 0
209753 0
158598 0
682299 0
319370 0
160975 0
162210 0
247103 0
217063 0
155893 0
967212 0
248528 0
198166 0
193126 0
529180 0
204309 0
194312 0
179300 0
313180 0
612098 0
307309 0
306268 0
184073 0
172201 0
174114 0
274490 0
300978 0
160754 0
473305 0
182835 0
240542 0
231302 0
470945 0
214586 0
181308 0
303867 0
238499 0
167961 0
227564 0
210470 0
171513 0
211039 0
179922 0
180417 0
480584 0
232803 0
329699 0
272328 0
291310 0
246128 0
330725 0
212070 0
186011 0
181260 0
192515 0
254273 0
481310 0
492090 0
307256 0
275481 0
261375 0
205360 0
201263 0
294121 0
225335 0
627518 0
220686 0
214145 0
225277 0
199634 0
182562 0
211155 0
251846 0
201467 0
204029 0
193461 0
269233 0
175822 0
254224 0
204901 0
326369 0
292467 0
233487 0
188092 0
173134 0
216849 0
273657 0
264312 0
244844 0
239686 0
256536 0
277048 0
210865 0
166234 0
255083 0
209310 0
283721 0
698183 0
200196 0
195311 0
168042 0
190501 0
211355 0
146520 0
266184 0
287067 0
212997 0
180351 0
303586 0
231474 0
147096 0
470996 0
353831 0
222153 0
188143 0
184765 0
171274 0
167324 0
172354 0
213795 0
266478 0
383674 0
268159 0
146983 0
279232 0
197908 0
261869 0
209495 0
178940 0
189728 0
325982 0
300625 0
265363 0
361156 0
200022 0
174544 0
308659 0
168759 0
299634 0
799036 0
184052 0
193519 0
205393 0
234099 0
186875 0
292812 0
250711 0
196883 0
208843 0
196996 0
201524 0
196621 0
171829 0
238508 0
175443 0
308217 0
186439 0
179919 0
175097 0
916468 0
272367 0
205787 0
583209 0
277794 0
319021 0
280615 0
173960 0
412054 0
180368 0
231794 0
306232 0
258296 0
171828 0
192469 0
275058 0
377050 0
280443 0
236661 0
216665 0
385977 0
367461 0
311540 0
174833 0
454045 0
262262 0
303442 0
372168 0
