8781021 8334924
2304959 2080128
2085978 1867133
2211920 1972210
2769734 2535902
3472980 2963723
2446628 2020866
2252998 2026168
1753351 1551111
2848351 2362343
2422178 2185917
1657061 1445203
2033359 1780274
2253238 2030004
1623987 1458663
1953157 1733234
2749405 2534221
2186907 1958405
1882103 1676025
2102060 1875891
1886483 1671465
3025629 2812501
2570114 2342355
1902361 1686947
1779048 1554030
2173935 3407084
3704374 3407084
2829865 1878491
2244358 1556613
2080516 1855552
2088152 1704449
2719523 2546061
2259973 2019935
1500819 1340246
2228211 1846399
1929294 1541570
3569209 3356053
2020666 1809750
1610502 1340366
2010590 1796835
1734461 1581456
2452897 2279756
2218497 1965720
1953616 1789246
2057986 1790564
2589998 2443760
3209125 3029334
2110351 1878080
1554420 1360674
2659408 2421332
1745904 1581414
1604011 1437334
2144907 1892070
1543740 1363287
2170713 1915882
1701602 1458638
2290323 2120502
2112550 1877295
1378539 1247802
1954627 1702962
1877371 1551701
3737697 3354993
2021553 1750759
1619460 1482732
1710177 1520565
4815741 4621385
1375404 1246408
1400846 1229407
3703946 3347588
191604852 2458932
13941178 13887692
14577795 13295515
15081981 13295515
13540398 13295515
14129686 13295515
15552632 16489424
17999233 16489424
210350337 16489424
1810516 1605300
5876486 3937470
6480859 6922928
5003659 6922928
7347822 6922928
1412587 1218788
1975883 1736908
2402862 1942506
2890351 2343203
2606618 2343203
1468275 1292836
2151402 1831485
1689736 1151682
1445500 1296852
1243578 1117365
1945098 1676376
2152313 1786242
1559992 1401708
1531018 1287392
2604520 1386121
1980438 1736850
3870652 3252029
2334163 3252029
3635426 3252029
1902573 1653137
1482307 1297742
3571374 3382308
1446248 1318672
1298439 1124156
4500996 4264601
2293347 2069622
3210452 3009371
3210452 3009371
1521882 1212130
1885753 1650206
2411293 2874902
3198286 2874902
1269614 1140904
3017492 2780038
4807379 3814792
4384290 3814792
4832383 3814792
1849032 1489670
2094857 1736119
1626023 1312802
2744579 2567950
2435936 2567950
1499584 1234467
2631535 2073612
3913596 3487807
1671019 1413008
1281368 1119626
1891002 1665874
3471947 2441723
4071676 2441723
6202437 6022138
1299222 1132210
2132061 1706110
1476327 1335092
6981534 6742510
6387119 6742510
2097321 1872422
1845867 1610153
2047052 1858285
1460645 1324898
1354466 1228581
2088402 1553717
3624366 3414646
1853483 1388110
1580037 1449195
1231587 1091071
4511381 4361596
2336410 4361596
1492874 1351939
2093018 1351114
1347992 1150084
1824193 1594799
1394606 1263477
1630667 1349701
1516125 1273145
1384929 1153032
3017474 2053273
2479781 2053273
6346222 6168066
1355636 1227946
1305366 1174251
1686835 2868598
3729960 4825252
5105183 4825252
1332485 1204935
1399054 1169961
5243844 3431092
4880557 3431092
4025716 3431092
1325463 1135944
7985486 1135944
2552692 2388519
6271084 6116370
1190275 1066405
4342508 4210301
8921121 8696171
2266008 1770603
2818070 2685521
2512813 2685521
2509188 2387788
2297696 2387788
3462778 1515718
4211339 1515718
2071332 1515718
8320336 1515718
6964893 1515718
1954735 1715868
2830462 2670911
36589210 37150006
37500583 37150006
40495734 40362643
1842298 1624105
1706065 2718938
3128597 2718938
2786492 2634191
1914975 2634191
1469119 1328328
6250336 6007677
5446998 5159497
3166815 2871764
2679203 2871764
1471377 1293226
5584026 1293226
1384523 1218736
2073527 1827258
2908731 2767794
1257310 1125590
1386554 1265220
1965743 1160880
5321358 5182069
5056365 5182069
1333883 1181508
3818910 4198698
4477416 4198698
2010168 1766872
1337314 1196955
1448274 1309333
1395786 1273813
1437918 1283741
3461785 3289807
1684069 1419933
2507055 1882053
2122667 1882053
1215262 1092969
2803935 1092969
1522590 1334003
2470392 1995604
2234743 1995604
1854472 1506834
4623231 4312750
2731332 4312750
4155755 4312750
3250746 3121097
2223660 3121097
3335716 3783293
2274188 3783293
4140692 3783293
2577201 1954363
2193434 1954363
2599955 1852420
2181150 1852420
1385961 1236845
1325730 1188904
1535827 1355671
2691259 2546952
2763304 2546952
1447066 2500836
2749344 2500836
3335681 3013800
4030200 1737745
2123732 1737745
1692543 1191910
1500815 1271432
1385557 1242046
1315046 1174183
1363475 1190253
1437572 1213640
2074486 2287490
2541052 2287490
4127445 2287490
1492357 1181500
1313407 1192230
3743929 1881561
2123982 1881561
1850449 1684801
1301765 1185008
1428166 1281674
1413484 1296362
1263438 1146518
1203957 1067973
1343174 1124260
1398181 3264467
5451477 3264467
3604849 3264467
1444001 1158250
1273812 1018666
1338611 1186610
2153127 1991174
2638498 1991174
1271712 1068757
1453541 1240377
2595325 3916815
4215658 3916815
3308519 3916815
3838590 3710311
1370179 1168523
3140378 3724118
3983740 3724118
2321930 3724118
1497936 1246842
1229376 1110171
3852031 1711214
3631373 1711214
2068599 1711214
1443673 1311931
1345766 1221714
1361147 1228598
2502840 2385383
1661858 2385383
3289559 3086668
1468541 1189220
1292889 1135392
2776853 2632359
2497227 2632359
1279099 1147028
1438576 1186660
1707166 1514256
1685692 2487373
2727230 2487373
1693870 1473498
37473719 1473498
1451132 1320692
3551726 3781518
4024285 3781518
1497666 1229082
2003226 1862138
1600918 1348776
2255124 2135136
2827077 2135136
1179477 1044447
1354927 1226254
1422953 1225529
2544142 2089716
2335797 2089716
1248408 1128937
1531855 1294511
5952884 5676483
3974016 3342500
3579830 3342500
1487975 1238001
1330642 1170725
1355902 1227039
1792398 1385489
1367365 1241209
1288488 1162254
1324280 1198473
1410164 1179019
1464773 1285540
1357857 1159630
1639440 1441375
1748298 1551387
1374646 1202490
3091363 2941497
1325305 1175451
1488242 1261184
1292756 1150815
1240370 1095841
1200454 1075197
1250878 1123985
1317325 1180451
2343997 1211075
1375809 1243661
1176948 1061433
1656396 1446536
4198552 3647634
1292888 1168266
1394127 1124130
1922822 1763774
1530093 1386168
1342238 1193484
1150263 1019615
3485941 1019615
1504324 1264450
1320205 1189598
1299294 1158779
1326732 1107974
1387547 1251288
1605126 1436772
1147854 1030501
1319822 1169942
1275716 1150491
1384751 1254640
1263363 1131486
1370394 1212660
1783927 1659574
2843877 1659574
1583697 1274700
1285824 1048930
1260590 1129620
1500359 1215435
1572239 1313228
1315938 1179494
1334760 1108945
1575011 1437462
2762705 2629223
1676349 1392417
1758255 1557254
1626994 1438884
1376846 1226257
1930383 1598970
2927804 1401275
3014191 2758027
2330620 2611465
3029146 2611465
1938993 1696516
1838502 1499863
1713666 1389171
1338438 1178028
1348274 1152606
1762938 1560211
1597506 1326988
1352278 1196824
1321733 1199087
1217194 1103030
1419447 1280892
1473261 1332954
1463896 1219381
1385896 1225669
1311793 1116853
1555278 1222019
1613716 1423148
3622111 3327159
1894721 1593908
2604135 2455209
1833510 1624272
1862393 1683051
1428191 1297663
2130297 2278177
2673300 2278177
1330740 1127752
1508668 1367747
1194865 1082664
2359096 2251832
2034842 2251832
1685764 1501987
1277507 1138315
1562605 1272909
2523182 1914682
2143712 1914682
10252224 10716159
11187845 10644052
11145539 10462613
10450484 10462613
10857594 10462613
10569709 10462613
12911813 12629859
191349855 191211432
1415590 1235488
3749737 2894130
3261459 2894130
3750598 2894130
5919228 5700133
1249242 1131202
1359934 1126678
3329230 3147439
2481794 2322998
2128417 2322998
1313183 1156011
2378785 1957311
2228440 1957311
4509671 1957311
1151521 1022836
1831362 1557467
1212847 1031619
7124726 6630666
9919977 7261463
7490353 7261463
3360829 3203673
2316181 3203673
1161477 969321
1368941 1252068
1194946 1066687
1255800 1017768
4003881 4007339
4361321 4007339
1323661 1103778
1553130 1371437
1975239 1802031
2501594 1802031
1224138 1085798
1263022 1078538
2652386 2396287
2580585 2396287
5933632 5732119
1339561 1196361
1265878 1123859
2477420 2336798
1242650 1106323
4728990 1106323
1134597 1014101
1776155 1494617
1520481 1203905
1250368 1135373
1183717 1073575
1193857 1052959
2838980 2676292
2400603 2676292
1193870 1069162
1077953 957239
1117415 1001407
2189401 2537334
2830230 2537334
1351372 1153106
1169610 1055649
1688860 1493581
2489903 1365583
1599652 1365583
1081242 966597
1088479 957188
3096064 957188
2552719 1412802
1644131 1412802
1165321 1031654
1713449 1502775
3244278 2839177
3244278 2839177
4048243 3906819
1107799 961433
1483917 1291074
2074099 2211694
2474992 2211694
3877984 3741849
1252920 1034721
1898025 1626996
3118589 3611944
3850016 3611944
2644738 3611944
1135097 1021680
1971432 1645250
3785205 1359119
3576963 1359119
1859866 1359119
1224687 1052903
1333843 1022481
3356548 3178612
2467953 2345900
1903314 2345900
1169225 1050571
1962874 1656849
3268421 3619942
3901803 3619942
2366647 3619942
1216185 1087786
3174719 2065648
2454440 2065648
2484382 2335425
2339283 2335425
1134304 997127
6684684 4194272
4442435 4194272
2834106 4101742
4452508 4101742
8444097 8286885
2979990 3362922
3718032 3362922
2010659 3362922
7331165 3362922
6580855 3362922
1699115 1507726
1403657 1090593
32990940 32190993
32548416 32190993
32663036 32547188
1719981 1501134
1183746 1064822
1407867 1269224
2113709 1984512
2593468 1984512
1270313 1139881
3030920 1139881
1377079 1166121
2148319 1692094
2750762 2597135
1813925 1218706
3026327 2837827
1289007 1147656
2998414 2749656
2577245 2749656
2331870 2009458
3225488 1724123
5818234 1724123
2599795 2065569
2354663 2065569
1872919 1611750
6907977 1611750
1221008 1081679
1407433 1282075
1976629 2122320
2508717 2122320
5405418 2122320
1261063 1132305
1642604 1497382
1675728 1438937
1507209 1333060
1140920 1028767
1560254 1381453
1419867 1256018
2335418 1635004
1855271 1635004
1128627 1021679
1601875 1361922
1526388 1256783
2053767 1938354
2598772 1938354
1654254 1491045
1172063 995141
3445186 2659260
4562105 4438814
3680472 4438814
2483688 2067750
2197155 1967128
1634428 1351911
1702249 2184503
2537581 2184503
1488190 1250723
1147092 978623
2698683 2452791
1282254 1138464
2786195 1879221
2847293 1879221
1499883 1310138
1305765 1169213
2513032 2375664
2462180 2103390
2199299 1982673
7317103 6982889
2508158 6982889
3621318 3442850
1362072 1178716
3183266 1178716
1214995 1082328
2629269 2410613
1806163 1599295
2936018 2648045
2532017 2648045
3374043 3210496
3026385 3210496
1916684 1680991
1609798 3721255
4162797 3508172
3786835 3508172
2669302 1957333
2319724 1957333
2348078 1980197
3720443 4076134
4425374 4076134
2976678 2834897
2705764 2834897
1210836 1028423
3591995 3707784
4020584 3707784
2536670 2403588
2253970 2403588
1366763 1228508
2048846 1861976
2622702 1861976
1526378 1317758
3093112 2947847
1457584 1207305
1370209 1257375
2627262 2515834
2664840 2525226
2382128 2525226
1335002 1178431
1704272 1581121
2639971 1581121
2011203 1847264
2473983 1847264
1366190 1187610
2382840 2203112
3089084 2203112
2583663 2412897
2345881 2412897
1340100 1183609
2393805 2228646
1876872 2228646
2459853 2245632
2167627 2245632
1471447 1214372
2540770 1851853
2196682 1851853
36352946 36142989
37304829 37122531
1256800 1132136
1615855 2285453
2515871 2285453
1417428 1266460
1725347 1517956
1035478 921217
2409656 1350179
1647902 1350179
1539422 1327615
2264098 2015778
2833413 2015778
2316130 2164326
2060560 2164326
1441656 1261586
1810929 1195513
3010993 2631450
2532230 2401176
6204040 6032577
1190218 1042486
1373264 1222050
1084834 928867
1742885 2228792
2578321 2228792
2076676 1254481
1767844 1430703
2639254 2474590
1629259 1497867
2775479 1497867
2772042 2037479
2340228 2037479
1419104 961763
4060361 3926526
6537817 3926526
1392611 1135870
1213829 1004397
4433594 1004397
4088061 3934352
2235468 1609650
5040239 4644143
4569036 4218472
2981332 2748750
1045433 904883
1117812 972192
2963540 972192
5138062 5553830
5867791 5553830
1066464 958323
1442232 1294922
3149404 2438141
2647299 2438141
2484328 2438141
1318038 1132309
1471612 2471179
2744593 2471179
1972754 1815953
2361486 1815953
1317639 1097710
4277138 1097710
5253686 1097710
4867533 4727243
1331647 1116602
1613954 1421784
2613301 3077587
3583804 3077587
2621134 2512563
1152081 1030381
1052653 916583
2950066 916583
1261995 1142597
1731161 1438385
1283131 1046712
2388576 1585656
3548421 1046712
1233691 1103358
1613832 1411688
1244261 1002551
1862939 1145825
3358990 3009078
2065409 1651022
2465806 1377262
1381843 1188302
1944671 1654441
1784727 1659425
1125522 981425
1195487 980564
1882360 1695057
1976995 1782147
5288290 5123880
1135911 975775
4368625 3562916
4279940 3562916
3080748 2616429
2903160 2616429
1123797 981089
3733403 2773314
4804103 4642788
4023720 4642788
2700665 2573626
1424084 1233288
4142487 4412724
3031370 4412724
5073741 4412724
3045745 2904927
1375049 1192304
3170340 2214268
2671893 2214268
5462752 2345374
2571762 2345374
1435917 1236966
4306232 2994458
3384927 4983481
5215809 4983481
3804283 4983481
1558552 1358627
5030980 3534902
3957319 3534902
5183913 2255002
2494132 2255002
1550585 1297207
199984855 198109976
201949412 5010970
202739673 4937297
5196172 4937297
5825632 4937297
5654174 4937297
5654174 4937297
7957441 7806768
204425859 204205742
1835625 1410861
3560018 3391529
4087387 3295696
3544230 3295696
2633125 3295696
1652358 1217140
3088781 2822489
1850689 1533990
3078701 1533990
2955579 2826959
1140729 975188
3039717 975188
4844544 4381500
1675098 1552112
1456061 1265010
1201924 1090539
4882641 1090539
3697552 1090539
3456538 3310389
1460227 1213011
1658118 1424612
2320491 1721197
4482211 4334493
3734887 3609372
1050762 941864
2838018 941864
4199893 4044981
1244933 968859
1138859 942191
1694610 1501814
1105949 968025
1680808 1388925
1620032 1454752
1638689 1117606
3666526 3189588
1175498 1031468
1175498 1031468
7316806 7159258
1710186 1514152
1641581 1391627
2756166 2611305
1137979 946989
1309184 1157126
1983695 3041389
3960595 3837280
3572003 3837280
1148229 973985
1480073 1320171
1859460 1434664
4921852 1508574
6334370 1508574
1155431 1011375
2722192 2049819
2343520 2049819
1178871 950074
1046032 933004
1545862 1356617
1618475 2054418
2344714 2054418
1186644 1064632
1317672 1164029
1675600 2084036
2344482 2084036
4087720 3862201
1128161 1000601
1298521 1159417
1539075 1375405
2151653 1685787
1993962 1685787
1132275 934426
1535924 1338590
3154376 1122272
2973055 1122272
4679530 1122272
1630182 1122272
1535571 1354756
1166292 1002917
2754632 2569959
2382712 2569959
3492434 2569959
5731535 5444988
4967005 6550153
6259247 6550153
6959750 6550153
4693707 6550153
2497749 2353767
3261176 2353767
2035370 3045650
2862270 3045650
3417386 3045650
2053134 1923854
3031507 1923854
1030426 917586
2049520 1945418
1585980 1945418
1200443 1019441
3959293 3257472
3489336 3257472
2183341 1545742
2183341 1545742
1586710 1379971
2132301 3710373
4406833 3710373
1515609 3710373
4150703 3710373
1543602 1364835
1107369 927652
2136169 2529581
3210796 2529581
2846169 2529581
2218843 1583386
1098921 905283
4175780 905283
32013625 31822069
33296212 33112018
2599957 2352979
2319706 2352979
1355615 1242555
3060978 2950560
1394980 1255525
1398636 1084901
1096081 985472
5345905 5166617
4973398 5166617
1382875 1197784
2188049 1497779
1759352 1497779
4330966 4850996
5126912 4850996
1652301 1436814
3989691 2738150
2723882 2738150
6367119 2738150
3239792 2738150
1641249 1429319
1664503 1523486
2529689 1523486
4226206 4093104
1128916 963130
1303594 1174161
1698068 1505984
2225673 1501338
1721439 1501338
1271205 1111562
1560197 1396267
2701907 2916934
2323154 2916934
3240816 2916934
1284748 1141681
1653323 1408592
1519563 1176085
2621893 2487515
1078177 937022
1347042 1176489
1654856 1421541
2358585 2137294
1996588 2137294
1186348 971760
3429361 2764027
2875463 2608944
3572408 2608944
2172302 2009603
1214960 958655
1469464 1265995
1527035 1331754
2849423 1331754
4171007 4015292
1636415 1428709
2405793 2995460
3406834 1704375
2052365 1704375
1372084 1218567
1125830 986592
2629606 2488914
2066172 1631544
1847917 1631544
1177862 1046872
1981643 2342405
2671087 2342405
1018841 910740
1452005 1299282
1659050 1360681
2078050 1935595
1634701 1935595
2130347 1502439
1761524 1502439
2903446 2691597
3145997 2691597
3879505 3706350
2313531 2185880
1893718 2185880
1088086 959569
2939818 959569
4014072 3877809
1309770 1020753
1858495 2985879
2543475 2985879
3347706 2985879
4799292 2985879
1390553 1251114
1899885 2985759
3402072 2985759
3447718 2985759
5091452 4961708
1194856 1060822
2373829 3609983
3130983 3609983
4037827 3609983
4966309 4818019
1401897 1202223
1903074 1619338
2072822 1380279
1610272 1380279
4918999 1380279
1221753 1092171
1599433 1430991
2352575 2437719
3000008 2437719
2791753 2437719
1181938 990213
2770131 3039123
2149993 3039123
3533869 3039123
5158213 5030947
1169719 1034074
2124169 1995154
1670656 1995154
4309716 4678898
4917993 4678898
1377455 1230113
1431706 1238161
2259759 3000632
3228278 3000632
2736604 3000632
1410601 1270982
1489927 1284202
1057103 937306
37389512 37232687
37879139 37768273
4873905 4591252
2213509 1225139
1489918 1225139
4105152 3766509
1140035 1016999
1132886 1009231
1448645 1309003
3000968 2872232
1446996 1313864
1571307 1378386
3023798 2819228
2186645 2059206
3066969 2059206
4017993 3885300
1522719 1293641
1478398 1313992
1490765 1316902
1689159 1584246
2115108 1584246
1481985 1326161
1111676 932652
1031826 890086
2644293 890086
1463718 1247461
983059 869728
1017629 884654
1510753 1231482
3985734 2581062
1327823 1168076
1020487 884096
1477968 1282228
2180274 984776
1221602 1086185
1260060 1089182
989424 877590
1687093 1233412
2683814 2523711
1398268 1099721
994460 841702
1419956 1204976
1640159 1069707
2371395 2225350
1009232 874189
984167 830084
1402209 1200971
1854947 1718619
1701557 1572312
1536580 1326262
1009375 872176
1456376 1270114
1158381 969420
1486619 1286853
1240261 1065161
1392508 1194855
2866047 2206371
2506076 2375599
1320967 1164361
1395402 1099697
1373097 1199186
1045483 927457
885370 785206
1248644 1111511
1152197 1031647
1512661 1305228
2587382 2380080
1133504 1007535
1193268 1019192
1431089 1225585
1189161 989408
1087699 956974
984597 843542
1100460 919376
1783108 1308423
2783251 2610635
1089807 886821
985802 843620
1078009 930512
1480553 1048690
2623846 2423666
1210607 1002463
1320602 1066514
1435215 1245791
1619064 1475375
1989541 1475375
1109450 971438
979720 850736
1027204 880072
1205405 907702
1052812 898882
1074947 904124
1063103 936597
1144430 961311
2051383 1835355
1807986 1835355
1070356 929030
975065 854566
1148398 925964
1778958 1603218
2162359 1603218
1131115 976725
1069207 892348
1082384 953949
2128041 1704188
1958981 1704188
1022974 897839
1136459 959483
1175465 954442
1990657 1194713
1384727 1194713
1083609 942998
1037453 913060
1177330 951363
1931274 1959599
2224835 1959599
1088614 958335
1023380 891306
1136150 934078
1936503 1794814
1698621 1794814
1030020 862498
1003310 871074
4931880 4327611
5325664 4327611
4682307 4327611
5052754 4327611
5927044 4327611
6313204 4327611
7205904 7079728
185225328 185090977
887317 787489
2446178 2207366
4248029 2474241
2668633 2474241
3925614 2474241
4242093 2474241
2404177 1729051
2078137 1729051
1030709 899051
934289 823391
3173912 3044169
2032940 1935102
2572545 1935102
4626642 4336821
3146492 3012126
1173939 1042161
1624230 2155128
2491480 2155128
1084834 989580
964418 863501
1192374 937236
3241717 3063915
3947873 3821572
919609 815881
1396928 1223281
1358820 1048457
3081890 1752751
2629605 1752751
2216229 1752751
2091637 2488741
3220374 2488741
2874628 2488741
5422294 5797479
6099242 5797479
1429795 1200077
1075719 925638
2157341 1338403
1612599 1338403
1268982 1086379
1314211 1953131
2171093 1953131
1444757 1883973
2147573 1883973
1539264 1316580
2250749 1731379
2998306 1731379
2319425 1731379
4291200 4169929
1030549 932441
2432364 932441
1045499 829118
4996377 4830617
3270207 1911042
3485979 3059546
1944974 1796546
2732229 1796546
1293621 1148335
1811186 1627916
2893341 2411075
1897290 2411075
2708079 2411075
1186033 1036310
1229794 1043067
1725001 2071572
2920886 2071572
2377318 2071572
1990550 1826539
3288322 1826539
4694992 4595912
3447993 4595912
6114835 5951601
1235098 947059
1942234 1769304
1942234 1769304
5708373 5593846
5323692 5593846
1919329 1697457
2515329 1697457
2180079 2280801
2881869 2280801
2049121 1936432
1338924 923843
2472242 2337101
1911879 1256378
2485779 2367704
1191897 2367704
1651801 2180125
2526923 2180125
1488258 1394301
2092106 1394301
1036877 916115
3003243 4549118
5454964 2453775
5283027 2453775
3139929 2453775
1994586 1835336
1187521 976255
1066578 853535
2559836 2480041
2830418 2480041
2547177 2432357
1419956 1194253
1373927 4558376
5116056 4558376
1668632 4558376
1247933 1069890
1090063 909802
2616799 2454361
963353 854246
1869358 1769276
1658884 1769276
1208022 974175
1417127 1259312
1417127 1259312
989401 885562
930065 810579
1045802 924809
1191343 1030672
1172477 1045989
916273 809675
1046459 941064
1059887 961376
1441514 1258018
1074478 960141
1939441 2065594
2381175 2065594
1172599 987490
1293189 1062624
2113964 1628829
1855420 1628829
1122037 997597
1007211 844218
2044263 1913429
1621833 1913429
1179873 1047438
1089478 932259
994022 846944
1265507 1103391
1020873 841664
2216250 1205132
1451080 1205132
1127555 933356
1108456 893240
1329181 1174684
1028855 899513
1252434 1005008
1424369 1199874
978988 836350
1284472 1058837
1431099 1230057
1389723 1234451
1457853 1293234
1270635 1124638
