47038921 145967933
151376779 145967933
204440780 145967933
5916240 5515347
5355794 5097854
4512669 6612322
7016589 6612322
3384430 3078194
2855334 2590766
10819895 10533988
9093501 10533988
8679980 10533988
3007525 2739597
4090784 2573836
7011015 6521779
5638383 6521779
7313060 6529933
4549251 3903433
10674825 2981164
3536556 2554002
6954233 7388846
7787861 7388846
6717518 7388846
2255423 2022560
2684394 2425594
2250475 2051976
2204945 2008908
8525077 8295489
8285238 9422529
2016055 1874339
11866973 1874339
3506008 3250313
2064028 1883098
2045820 1857024
1939429 1764714
7374936 7159932
9176050 9976945
8436112 9976945
10500040 9976945
3543628 3309689
2078343 1886783
2117055 1930777
1971620 1800074
3765040 3537114
6224156 6981487
6825650 6981487
5974643 6981487
7863047 6981487
2397255 2173689
1848264 1639398
2095751 1898022
2451886 1763189
3742980 3506810
8244782 7535805
7916446 7535805
7088755 7535805
9273153 7535805
6516593 5341651
8007808 7452626
6883297 7452626
2231326 2038538
2137093 1705618
2349907 2113915
6575800 7162562
7546034 7162562
6628852 7162562
6400102 7162562
4258473 4960768
4800987 4960768
6065484 4960768
1970490 1655468
2486333 1698154
2373058 2130948
7347956 7133591
6678355 7908299
8179375 7908299
6808832 7908299
2781864 6789412
10415698 6789412
9976028 6789412
38544203 6789412
5519281 5303900
5519281 5303900
5888371 5216542
5491479 5216542
9362135 9132493
6933613 9132493
7562015 6491992
6863849 6491992
7388834 6491992
8484718 6491992
2167704 1944737
1853971 1665521
6389552 5982452
6601515 5982452
6535030 5982452
7082647 6895104
6379689 5719037
4113445 5719037
6057318 5719037
4840428 5719037
2006254 1795346
1678636 1512918
6840234 7701568
7505949 7701568
8055332 7701568
7006741 7701568
5082836 5111685
5668821 5111685
4896297 5111685
6847944 6499384
2087156 1871494
4100307 3913569
4979552 5126470
5699671 5126470
4925395 5126470
7017391 6645713
5111308 4104516
4424860 4104516
4091739 4104516
6114140 5932716
3112553 2033848
2013036 1653287
2935706 6321258
5529915 6321258
6271733 6321258
7023893 6321258
4951109 5647252
6103656 5458786
4881984 5458786
5788675 5458786
2628853 1454300
1998651 1821425
2207111 1852085
4722177 3658733
4403428 3658733
4192131 3658733
4005375 4731243
3762828 4731243
5153939 4731243
5670775 4731243
1423471 1233301
1486196 1313190
3327918 3079461
3473090 3344416
3198691 3344416
4339806 4190816
6379978 6846130
8010917 6846130
7233276 6846130
7752880 6846130
1579366 1428316
8118060 1428316
2064927 1833434
3337801 3494985
4431074 3494985
4053813 3494985
9347867 3537529
9108280 3537529
3097575 3537529
5508503 3537529
11736027 3537529
10251653 3537529
2078944 1851297
4488510 4683227
5444042 4683227
6184254 4683227
152256962 151627583
151949733 151627583
151335361 151627583
12415816 151627583
12905376 151627583
12483601 151627583
13984696 152347019
152577686 152347019
160130218 159695662
4948753 4737744
8758454 7771324
8638170 7771324
9938513 7771324
8194862 7683554
8793514 9822044
8143425 9822044
10153512 9822044
12072469 11722071
10801624 10889540
11955096 9866772
10924555 9866772
10334812 9866772
13304995 9866772
13012622 9866772
11258404 9866772
12775569 9866772
10868149 9866772
15683804 15453213
9739644 8616890
10729362 8616890
11269804 8616890
9729004 8616890
9435603 8616890
10782378 8616890
9407652 9274358
9748504 13770905
14069292 13770905
2244266 1805752
1569769 1411928
6363158 7615858
7131166 7615858
6880578 7615858
9023388 7615858
8692950 7615858
8407798 7615858
8195044 7615858
1949709 1708746
5128305 4886878
3695286 4886878
5539991 7377143
7127728 7377143
6882768 7377143
6719438 7377143
6453309 7377143
6453309 7377143
3188424 2160367
2894734 2739323
2650974 2739323
1776721 1649789
7322549 8521857
8897087 7075760
7324411 7075760
8340156 7075760
9032465 7075760
2183607 1889058
3223977 3078673
3032222 3078673
1940029 1281966
1353281 1198710
6553840 6769114
5913144 6769114
6433004 6769114
7850153 6769114
8340084 6769114
2251620 2006824
2706852 2034346
2449859 2034346
1383921 1188820
2475441 1204179
3472577 5324989
5173233 4695741
5063698 4695741
5818365 4695741
1988851 1739791
3544704 1287998
4086709 1287998
1692181 1287998
1864244 1570725
5140755 5011323
5912207 9636550
5176616 9636550
10148355 9636550
1806613 1449646
29801848 3093081
30301696 3093081
32378124 30878429
4467283 3800336
4232257 3800336
5878394 7139515
7375599 7139515
34326666 34203115
1374541 1226744
4634498 6232737
6238341 6232737
5602043 6232737
6758461 6232737
6403973 11142147
13571517 10046666
14214835 14734051
14999367 14734051
5497916 5257853
1834832 1632852
6397048 6676999
8501505 6676999
8978228 6676999
6368236 6676999
9649015 6676999
10018765 6676999
7557477 6676999
10730259 10592273
1615310 1455784
1795512 1586800
13176445 11833096
13702422 11833096
14200403 11833096
12528894 15054334
15285864 15054334
13593359 2727106
13420510 2727106
15465765 2727106
3339799 2727106
2117296 1767265
9662329 7650291
8497883 7650291
9148680 7971008
8639065 9963896
9851873 9963896
8525367 9963896
10439287 9963896
11377836 9963896
12646607 12419409
2574689 2384502
10325008 9417934
10073542 9417934
9084514 9417934
8665520 9560087
10212507 9560087
8902727 9560087
9588535 9560087
10488792 9560087
12675710 12472754
2008118 1731660
9014910 7353694
7998086 7353694
8622499 10138127
8031735 10138127
7790446 10138127
10584001 10138127
7822205 10138127
9757840 10138127
12526017 12326324
1745700 1562941
11664388 11139471
10333247 11238744
11131541 11238744
12039623 11238744
11123507 11238744
11923481 11238744
9729635 11238744
10262698 11238744
14214207 13995984
1496467 1247712
13420281 12892155
14898689 11479969
14649440 11479969
12991571 11479969
15679141 11479969
14614708 11479969
13702866 11479969
14161738 11479969
12713557 11479969
17561003 17279466
10775137 9205310
9838655 9205310
10865026 9021591
10071991 9021591
9504703 9021591
9945911 9021591
9388456 9021591
11433922 12793558
13226745 12793558
13967011 13709711
40160631 41002681
40721275 41002681
42373272 41002681
11309184 10749431
10724121 10749431
12192810 11867330
43584737 11867330
11815187 11867330
13599375 13318014
46394272 46270641
8341949 7754079
7915546 7754079
9547896 10071512
7628183 10071512
11166996 12974275
10433786 14356370
13993640 14356370
14659993 14356370
12743080 14356370
15256723 14356370
12459518 9445422
12993755 9445422
11075509 10198088
10838518 10198088
12734697 10198088
12492981 10198088
10463046 10198088
10919771 10198088
12476904 10198088
15201661 15000839
9827357 10287505
10339443 10287505
11107115 9827905
12450397 8399542
10582936 8399542
9428549 8399542
10501508 8399542
10385434 8399542
10952779 13754992
13989523 13754992
9188567 11015106
9838282 11015106
11795185 11015106
9220602 11015106
10616894 11211683
11551308 9133389
12059519 9133389
9498182 9133389
11685933 9133389
13831803 13649455
8186177 9352511
9014659 9352511
9841220 9352511
8370998 9831575
10207687 9831575
9041978 9831575
8851536 11676080
11886024 11676080
2595554 3026416
3332132 3026416
7892673 8387811
9480418 8387811
9957800 8387811
8963509 8387811
9391471 8387811
8263907 7712518
7275081 7712518
8170468 7712518
2390200 2189906
3097627 2189906
6170169 7808070
7421820 7808070
6101559 7808070
8550070 7088474
7407452 7088474
10108167 9966236
9165579 9966236
1940217 1584956
3117104 2961253
1389252 1233826
9054172 8524497
8422440 8524497
9717651 8524497
9008552 8524497
8589045 8362031
8576227 8425730
2392474 1909607
3484076 3298141
5039037 4749361
1408580 1282177
4929927 5538401
5510862 5538401
6516264 4876110
5116632 4876110
6387525 4876110
149194978 148561179
10474696 9270983
9591077 9270983
8893056 9270983
8635751 9270983
10129090 9270983
12611006 13112618
13652415 13112618
159858654 159541373
2483272 2322458
2274533 1702126
6909270 8013032
7692072 8013032
10165598 1818039
10738274 1818039
4555588 11876265
10378242 11876265
12661657 11876265
1857243 1635273
2094347 2211686
2619312 2211686
2623767 2486204
4434216 3983254
4223240 3983254
5270881 3983254
5144428 5737560
5961751 5737560
1898700 1695462
2699438 2464307
2494143 2363449
2592192 2460302
3125188 2460302
3836388 4044533
4920077 5024383
5434267 5024383
6125845 6004140
1645304 1462193
2377460 2257197
2153846 2257197
1779627 1663607
2404652 1663607
1501845 1269735
4269283 2566874
4769710 2566874
2914642 2566874
4296147 2566874
1942503 1726327
2546234 2423289
2415070 2423289
2503062 2389915
2208119 2389915
1307124 1173696
4037513 3598211
4674896 3598211
3956020 3598211
4763664 3598211
2025103 1662644
3602827 3311271
5698126 3311271
2400996 1939360
2176129 1939360
1218586 1106304
3279176 4346766
3069236 4346766
3826169 4346766
4782372 4346766
2137298 1799958
2989249 1931932
2832660 1931932
2379475 1876226
2129728 1876226
1358623 1155926
4847835 3933250
3850978 3933250
4682894 3933250
4520608 3933250
1635264 1453261
1208654 1075242
2689499 2546098
1858213 2077155
2297424 2077155
1122100 992759
3686874 2773228
4105431 2773228
4802151 4686333
3388476 4686333
1676470 1501151
1965986 2218961
2484197 2218961
3483704 1777050
2036962 1777050
3418441 1777050
3405709 2954403
3236987 2954403
3036329 2954403
5554943 5307702
1527922 1365789
1279600 1152615
1303469 1072825
2777610 3364371
3316719 3364371
3739836 3364371
30754974 30365391
30483491 30365391
2257097 2126659
32675199 32326604
32779502 32326604
2025397 1915948
2519428 1915948
4755726 4992763
5226769 4992763
4662474 4992763
2258708 2120524
2079346 2120524
5671193 5350095
5515409 5350095
7163724 6919907
1294270 1090725
1771469 1569558
3123545 2837522
2431987 2837522
3975217 3834863
5964673 5168972
5487513 5168972
5977275 5168972
5046321 5168972
7530842 7356715
5333922 5207620
4473054 5207620
2739262 3450013
3753320 3450013
2703179 3450013
5228569 4385879
5061957 4385879
1774909 2150753
2414967 2150753
8372157 2150753
7470419 2150753
9537434 9392517
3847603 1701197
2007154 1701197
3710273 1701197
1765566 1280860
3016808 2860328
5432311 4952721
5020197 4952721
5515577 4952721
5016485 4952721
6459786 6293060
4033313 4427059
4897449 4427059
4832773 4662351
6348633 6166542
6061211 4899123
5428135 4899123
6372539 4899123
5832190 6733091
7045451 6733091
6551476 6733091
3076686 2614005
3512090 2614005
2908463 2614005
3075868 3191053
3653505 3191053
3441669 3191053
8536987 7786029
8504186 9259050
2808703 2890412
3196375 2890412
3725982 2890412
11802548 2890412
13453433 2890412
3756984 3620602
4465202 4063503
4330721 4063503
5291842 4063503
5193712 4063503
5951223 4063503
11730908 4063503
10005422 4063503
11204468 4063503
13179433 12954420
1783184 1508087
1233198 1111259
11615062 10456444
11576007 12477624
12834176 12477624
12610449 12477624
11666920 11397785
12223845 11397785
12788000 13615382
13958371 13615382
1889860 1669450
1342230 1220600
6440973 6764805
6926123 6764805
6143265 6764805
5867279 6764805
7381023 6764805
6782524 6764805
1329135 1170391
4979388 4814669
1380141 1113511
2939160 2794078
4743187 5083052
36297160 5083052
5465001 5083052
5867272 5083052
6876609 6667301
37718820 37600274
1222494 1076601
2397888 2226746
2120971 2226746
4508668 3082098
4115531 4343709
4487632 4343709
5122689 4343709
5026223 4343709
1170595 1027578
2585201 2364188
1133721 1018577
2391061 2248525
3711173 2461231
6903237 2461231
3959627 3394426
5009556 3394426
3879572 3394426
1214497 1023051
1150490 1008812
1651306 1486376
1434364 1294093
1283322 1026777
4339964 4040124
5347559 2082991
2723179 2327673
2707908 2327673
2387579 2256915
1355771 1105725
2496414 2012154
2252414 2012154
1180528 1011619
3911734 3579618
3476398 3337237
1701637 1281295
2493258 2055626
2280963 2055626
4279229 4117746
2897929 2724556
1194001 1053807
5660306 979323
1609585 3721086
3787807 3721086
4239500 3721086
1132064 1021909
6499849 6272605
6926338 7554682
9199948 7778329
8542084 7778329
9158326 7778329
7553597 7778329
8355386 7778329
9319783 9210759
9279141 9210759
11290507 11110388
1450751 1302489
5791907 6146075
7457239 6146075
6547680 6146075
6471366 7254955
7471358 7254955
7415577 7254955
8986978 8855510
2877351 2702029
2481192 2702029
6231776 6946434
6623688 6946434
5889423 6946434
7446105 6224300
7235305 6224300
6530846 6224300
6118701 6224300
1260142 1133000
6183092 6420867
6831916 6420867
7323921 5402370
7229623 7972682
8003865 7972682
7282545 7972682
8817356 7972682
8589093 7972682
9391788 9276852
6552536 9276852
1998180 1840285
3436464 3224425
6216335 6362832
6438526 8119311
7190512 8119311
6184732 9103939
8971659 9103939
7248580 9103939
9496233 9103939
8977198 9103939
2827980 2057134
2447306 2057134
156529276 154799175
155250379 154799175
155089205 154799175
154659157 154799175
155090371 155979116
156937908 155979116
157971025 8419191
8807830 8419191
11135564 10975240
158588887 158443538
8204418 6720234
7940985 6720234
9188935 6720234
8401281 6720234
7506973 6720234
8613631 8301885
9825474 8301885
8478205 8702633
9267931 8702633
11686229 11509857
3388473 1512961
8245236 4972483
9732949 9335718
10132585 9335718
9726269 9335718
10919482 8929046
9893466 8929046
9238761 8929046
11532528 8929046
10212767 9966365
1586942 1391770
1239618 1022859
4406026 5078757
4992978 6725892
4600562 6725892
7624684 6725892
5621920 6725892
8961795 6725892
6149271 6725892
7620186 6725892
1250098 996650
3082713 2909174
5562062 7006479
5248772 7922898
6334006 7904304
7029556 7904304
7029556 7904304
7029556 7904304
7029556 7904304
7029556 7904304
2139220 2521211
2810716 2521211
5815287 6799510
5672291 6799510
7488170 7701387
6471919 7701387
7110421 7701387
7495629 7701387
8193556 7701387
7292475 7701387
2667549 2510873
2182473 2510873
7031051 7117187
6841935 7117187
6084538 7117187
7105727 7117187
6853458 7117187
7884874 7117187
6985457 7117187
8835266 8659392
1927849 2156704
2493497 2156704
1834607 1536905
4081177 3934359
5005653 5332145
4825012 5332145
4648042 5332145
5902313 5332145
5953801 5332145
6763347 6583640
2241122 2049587
1948037 2049587
1316753 1149739
1138840 907733
2139159 1056384
3819420 3907150
4324593 3907150
3697934 3907150
4051432 3892016
2110682 1931828
1834074 1931828
1297168 1133769
1429282 1273379
2923909 2081599
6397261 6047970
3347411 6047970
6441306 6047970
2793101 2647610
1862295 1696898
2326348 1696898
1349447 1086525
2653773 1086525
1260358 1035366
3877933 3141886
3922063 3592450
2509900 4671793
4907685 4671793
1782274 1494775
29188165 29067725
1751660 1923723
2168888 1923723
1164203 1039701
1130915 1016045
2690714 2863580
3106978 2863580
3544721 2863580
1976519 1836367
2835281 2564258
1085386 944700
2310532 2176753
1052696 930617
7597326 1510436
1819877 1510436
5138973 1510436
3676572 1510436
1821607 1688370
2656342 2391129
1159237 997624
1141902 979732
1108650 964113
3000993 3903169
3028898 2617958
4512024 2617958
3011204 2617958
2890881 2612812
3670541 3478272
3937402 3721361
1694465 1478662
1101301 966239
1123598 936652
4219180 4628049
4968999 4628049
3548516 4628049
5129989 5011542
2551689 2287135
3158803 2287135
1745849 1415119
2425699 2227120
1054936 942257
3189545 3082828
2061883 3760496
4430961 3760496
4181649 3760496
3998203 3760496
1352358 1219515
1949056 1808648
2459275 1808648
1148614 1004415
1039880 892504
3187284 3892624
3893665 3892624
3084709 3892624
4457859 3892624
1889281 1752958
2668848 2540787
2112412 1654793
1903690 1654793
1091583 978382
1342833 1035610
3523102 3266556
3435028 3266556
3435028 4330188
4522770 4330188
2545338 2104666
2438612 2104666
3282726 1775435
3115553 1775435
2185899 1775435
1049097 941497
2522543 4016345
2922424 4016345
4343255 4016345
3451643 4016345
1942122 1703777
2733718 2602333
2829035 1766091
1993879 1766091
3361734 1766091
1304486 1094146
3897383 3492621
2937708 3492621
3845791 3492621
3851445 3747023
1509204 1323146
1849148 1415253
3339020 3162930
3054423 3162930
1988921 1861514
2421853 1861514
3811940 3661762
1701996 1556664
2705242 2490009
1080231 957347
2589088 1769636
2100956 1769636
1052790 894038
1084179 944406
1760857 1953685
2494565 1953685
1255795 1109014
2937562 3098751
3639577 3098751
3468721 3098751
4687356 4558653
36515030 4558653
38020453 36236340
1236697 1123522
2336938 2827242
2734975 2827242
3167182 2827242
2922255 2572375
4422086 3897910
4637871 4451911
4698556 5043641
4845744 4611658
6274641 4611658
4572449 4611658
2404250 2573841
2785761 2573841
3211622 2573841
2523288 1856782
2190836 1856782
2788114 2891219
3415249 2891219
6365006 2891219
3327067 2891219
7647876 2891219
8078550 2891219
7552426 2891219
8732899 2891219
2634114 2484594
2234128 2484594
5971378 6768012
5969047 5549105
6804783 5549105
6000986 5549105
7371823 5549105
8340287 5549105
8848839 8719120
8251510 8719120
2711142 1993690
2348199 1993690
7110306 6441057
6099718 6441057
6484987 6441057
7161386 6441057
8174025 6441057
7059012 6441057
6399752 6291772
8211900 6291772
2061653 1937138
2761212 1937138
12047680 5070010
12593556 12748952
13279745 12748952
13800187 12748952
9827009 12748952
13368379 9590179
9804839 9590179
14704192 9590179
2699952 2530700
2459778 2314743
4898466 6641659
5643660 6641659
5485160 6300726
7182207 6300726
6609820 6300726
6459298 6300726
7165576 6300726
9021062 8884754
3765396 3548764
3445184 3548764
6994423 6129952
7458851 6129952
5938982 6129952
6322963 6129952
6978430 6129952
6793535 6129952
7408892 6129952
8914166 8791433
1935583 1791325
2651525 2518735
6663763 5351472
6662776 5050476
7874702 5050476
6091500 5050476
5974791 5050476
5936780 5050476
8129848 5050476
9111425 8884018
2148591 2005170
2874990 2005170
5973835 6935131
5260061 6935131
7334465 6935131
5815818 6003383
6296692 6003383
7102798 6003383
7911637 6003383
8871585 8753960
2032661 2375761
2704229 2375761
171784707 171164630
170429576 171164630
170808514 171164630
173104531 171164630
172006133 171583222
171837848 171583222
174127506 173839360
5051997 8447464
8806978 8447464
177001364 176864258
5415627 3156107
6596486 3156107
6374701 3156107
7616259 3156107
3718023 3156107
8089755 3156107
6521664 3156107
9167562 9046428
1638170 1423487
996397 872441
1655669 1845197
2122155 1845197
4789379 4093089
4051230 4093089
4720786 4093089
4515700 4093089
4025567 4093089
1964818 1825910
2728332 2590491
1722800 1621792
2153572 1621792
1010607 902380
3305835 3493709
3988599 3493709
3813056 3493709
3261913 3493709
1905290 2260152
2573433 2260152
1125413 1018216
1034138 929564
990623 887921
2638280 2797846
3041893 2797846
2601993 2797846
1850134 1609624
2587044 2460123
1964632 1561586
1778132 1561586
1141319 1012259
989167 874357
995370 876996
2570506 2760975
3007458 2760975
2524396 2760975
1869081 2296626
2586008 2296626
1768465 1655442
2227573 1655442
1089809 941396
995729 848143
1048226 943157
2494992 2393595
3101955 2393595
3076704 2393595
2245975 1925199
2783873 1925199
4355924 4674715
4982083 4674715
2042252 1293132
1551375 1293132
1019122 911029
1327138 1072254
974915 871356
3901930 3381305
3756966 3381305
5028309 4777659
5670102 5539707
1267018 2215337
2529300 2215337
1119342 977491
5078723 5522327
5778150 5522327
5580606 5522327
4119169 3747473
3765261 3834261
4873757 4757353
4341303 4757353
1624969 1810337
2020718 1810337
1019120 925127
2446702 2455083
2875831 2455083
2994136 2455083
2971584 3414049
3782395 3414049
3652138 3414049
4790040 4674939
2325167 2744647
2735145 2744647
3154600 2744647
2344012 2755138
2732042 2755138
3187577 2755138
2488423 2185737
3114687 2185737
3879055 3740964
53877973 53758257
53462997 53758257
2552686 2453339
3718289 3611881
55869333 55714895
3348433 3089232
3774651 3089232
3388889 3089232
3199786 3089232
1077980 962137
3311424 3385265
3725502 3385265
3131884 3385265
4702125 4524262
2859971 2678395
3245544 2678395
3708128 3929838
4149451 3929838
1254233 1128060
1579001 1345089
3013543 3469324
4018690 3469324
3787839 3469324
3603834 3469324
2286765 2453476
2747559 3829031
4050687 3829031
3863630 3829031
1264570 981852
1357204 1160357
3172415 3954547
3881195 3954547
3712257 3954547
4455442 3954547
3755370 3332336
3551542 3332336
3406181 3332336
3224495 3332336
1027090 914933
1578736 1348509
3275808 2983459
3379308 2983459
3379308 2983459
4780911 4665614
1343213 1212772
2729191 2340777
2290242 2340777
2663202 2340777
1032233 930781
1291389 1147108
2835801 3672631
3548452 3672631
3352609 3672631
4077240 3672631
1231483 1029169
3805965 3362082
3307383 3362082
3677457 3362082
1907677 1811388
1291856 1152811
3562188 3444712
4014665 3444712
3213399 3444712
3605961 3444712
1252982 1115170
3591328 2664441
3147688 2664441
3041738 3495482
3706301 3495482
1208085 1086161
2493115 2707316
2333657 2707316
3047807 2707316
4229269 4121371
1014921 914243
2057845 1908225
2172352 1908225
2098128 1508068
1748615 1508068
1153806 984816
2716060 3383194
3668648 3383194
3179176 3383194
3757365 3640759
1024792 877974
1657746 1787941
2088693 1787941
1937561 1540649
1744980 1540649
1300478 1106087
2690058 1964696
4434082 3900377
4097588 3900377
3867461 3900377
1007869 880561
2653248 1514287
1771412 1514287
3812611 1514287
4454782 4319400
1126367 1009156
4076375 3896658
3727567 2420256
2820153 4089100
4617094 5102223
5345293 5102223
40642408 40872471
41279101 40872471
3181304 40872471
4018306 3901618
42545018 42440102
2134764 2329712
2588630 2329712
4887651 2329712
4326938 2329712
4747874 2329712
3189927 3093085
3633119 3093085
4046887 3093085
2949766 3093085
5536518 5439322
3191249 3364932
4220727 3850694
4075985 3850694
4735722 3850694
3991129 3850694
1739154 1968339
2478692 1968339
2517705 2693807
2309034 2693807
3086529 2693807
2864477 2923086
2696164 2923086
3588558 2923086
4655361 4400024
4804730 4627407
1873927 2142477
2446110 2142477
1551177 1384176
2214599 1384176
1127564 964180
3652733 3509988
2715792 3509988
2924591 4723720
4918668 4723720
5338705 4723720
1725093 1573764
2256053 1573764
1463402 822688
3075091 2974456
2820329 2974456
3399730 4136980
4153441 4136980
3961031 4136980
4761941 5045791
5278252 5045791
1676169 2006146
2273539 2006146
1143352 1023039
1753982 1537688
3242452 2548048
2149196 1902732
2567276 1902732
3326152 3128727
1034552 862895
2887890 2386551
3674627 3542915
5288872 3542915
5863116 3542915
1082932 930723
1026299 887211
1624926 1380043
1559200 1418140
1802147 931999
2684011 2412020
5115852 2412020
3431278 4716600
4922095 4716600
1082527 963418
1052998 933541
1925903 1793215
1680089 1793215
1095889 967423
923855 802978
2056927 1646804
1853362 1646804
1302473 856180
2315520 2214720
1841719 1429063
1631888 1429063
1757538 1649856
2405614 2239896
1032841 887223
2862068 3033624
3334109 3033624
1010796 876034
942855 818214
1981494 1849391
1878063 1729043
1683178 1729043
2099321 1895845
1837713 1895845
2225879 1943009
2937670 2224561
2430583 2224561
1096084 970256
1375199 1203570
2112534 1910036
1500897 1397378
2018208 1916883
153619379 1694331
6729340 6084048
6632445 6084048
6202687 6084048
6558897 6084048
7720611 6084048
7592048 6084048
6380044 6084048
8814826 8703555
163731873 163506324
1424976 1288306
6049775 6760130
4632103 6760130
7889703 6760130
7693306 8548985
7450475 8548985
8581750 8548985
9000836 8548985
7471914 8548985
7362077 8548985
1371811 1067182
1113719 981620
3297030 3466562
3276126 2874306
3129476 2874306
4115806 2874306
5481283 5353518
5578780 5451254
1151109 1040643
1033183 930258
1026636 913133
2227806 2033764
1912570 1803178
2059722 1803178
3003916 2674728
3928140 3749160
3115381 3749160
3752479 3615582
1398971 1261691
2136294 2012133
1470867 2012133
1255061 1129998
1169202 1048579
1564520 1465264
2321470 2200337
1602216 1485498
2215279 1485498
1469380 1282485
1027629 893874
1016774 891678
2118516 1990875
1805046 1646400
2046324 1646400
1508729 1199315
951502 821875
2144099 821875
3739180 3609556
1538628 1324860
1040800 902453
2016898 2138584
2365354 2138584
1354845 1213027
1365876 1205589
1058714 909424
2659820 2864979
3089007 2864979
2643424 2864979
1622599 1377119
1105936 991359
1709574 1564175
2161699 1564175
1578328 1794682
2006664 1794682
934271 834039
2252619 2737964
2099085 2737964
3077082 2737964
1110250 1001284
1066135 880641
1910815 1796269
1579454 1826258
3776298 1826258
2201051 1826258
925638 834762
2196360 2101939
2927500 2101939
2720566 2101939
1165074 1006123
1775171 1657151
1064937 900807
1863984 1630325
3507613 3720490
3935113 3720490
3410856 3720490
2184860 2070972
2049385 2070972
3108131 2979435
1079917 933547
995677 873419
1064709 896924
2770723 2407174
3731713 3913053
3546691 3913053
4286390 3913053
31953475 31807524
32728417 31807524
33069888 32953598
1287492 1173110
1058424 953371
917889 816738
2075058 3137954
3732543 3137954
3196203 3137954
3631342 3137954
2659550 2915336
3585763 2915336
3077811 2915336
954731 853665
947388 846527
1473146 1314593
3221162 2750944
2809455 2750944
3275821 2750944
4173047 4011113
1419091 1214889
3378002 3267601
3165597 3267601
1059894 908461
961103 849972
1012819 881194
2757030 2867569
2120262 2020920
3495329 2020920
4214572 4102718
982446 881541
915983 819024
1028550 881271
968763 822176
1001430 870395
1075616 947694
2697396 2346021
2715665 2346021
3749465 3617099
4140572 3617099
1259015 2462305
3037392 2462305
2938458 2784041
908159 812683
963005 832080
953688 841486
1733443 2580946
3025742 2580946
3863675 3468111
4541158 4371060
2868863 2696406
2343890 2696406
2684690 2696406
974755 851361
989625 862587
1124442 979786
3045919 1409547
3555897 1409547
2037663 1409547
3879982 3727031
1177714 904281
2578701 2303813
930607 809541
3637866 3498371
947882 823117
1016684 879215
2584230 2415378
2331107 2415378
2549479 2414542
2419587 2414542
3511460 3240480
2728072 3240480
2807609 2665668
3859878 2665668
881628 774283
1106967 920050
3126770 2767654
3782678 3559715
3241314 3559715
3907547 3559715
2788062 2635005
2756473 2564025
3230662 2564025
1149802 1011002
1024090 901152
1011107 923880
2496284 923880
2196582 2070176
2454983 2238718
3259647 2248940
3277784 2248940
1144167 1018349
975548 849408
933018 815741
971386 842682
931794 811647
961203 847293
973539 833267
2296316 944863
1240548 944863
2377920 2256146
1094417 926742
992675 878221
1130539 982895
2103185 1609502
2103185 1609502
1576162 1428390
31759680 31462055
2901075 2351787
2573147 2351787
34324895 34166109
956874 821859
1470535 1289747
2061634 1953363
976946 875137
1285048 1025224
1911028 1883846
2400845 1883846
2020066 1745181
1907129 1621693
1021293 898013
1798491 1538167
1216054 2736695
2961579 2736695
1546268 1406415
1939634 1406415
1130140 1001876
1522666 1901830
2194552 1901830
3213834 3099140
1047817 862812
5602937 5810152
6180034 5810152
6741284 6578733
1574026 1336076
2142114 2030840
1197442 1056888
2854922 2760458
2416421 2320709
2894674 2320709
994241 900048
966118 861135
1097656 958885
2143867 2029920
2150276 2029920
1474659 1328636
3292228 1008328
3702965 1008328
4097334 1008328
1410609 1008328
1055454 938367
934187 833151
923768 822355
1651625 1534966
2104084 1534966
968480 856940
2081765 3583523
3809664 3583523
3287331 3583523
3702938 3583523
2462156 1735568
3028388 1038585
1291974 1038585
1703134 1851514
2172742 1851514
1079510 954739
2942260 3314321
3632886 3258039
2940892 3258039
3529806 3258039
968672 794037
2700714 2837974
3105252 2837974
1722683 1631562
2090610 1631562
2519843 2167652
2025751 1929684
2843422 2688807
2787392 1694235
2050927 1694235
2767743 2669791
1305063 1200215
2145294 2034327
1214710 1035482
2188504 1746793
2491071 2399901
3487121 3369105
1429008 1302573
3533067 3427547
4643697 3427547
4456401 4330872
1844000 1699548
1593531 1699548
1032127 918055
965939 842921
2673469 2378034
3311063 3159753
1327497 898640
2111954 1971240
1629724 1971240
1889450 1486772
1811496 1634741
978838 838956
1440821 896763
2112850 3732315
4047815 3732315
3935923 3819366
957474 836172
1265272 831828
2147535 1981348
2122515 1756666
6259005 7041721
6700393 7041721
7348232 7041721
7697841 7041721
6246579 6401059
6786429 6401059
7733443 6401059
6849189 6401059
9297695 9135164
9297695 9135164
1235356 1115274
8199445 1722633
8899464 8778411
10895327 9841282
10874503 10002992
10451963 10002992
10290060 10002992
11621329 10002992
6444056 6343862
11319974 6343862
12769319 12613898
2519362 2960933
3221803 2960933
6151734 5489430
5506046 5489430
5557938 6653536
6470740 6653536
6381750 6653536
5715966 6653536
7451165 7653250
7912038 7653250
1726911 1435506
2535067 2409689
4342044 5263189
5808119 5263189
4016563 5263189
4535369 5410184
5989013 5410184
5802015 5410184
7796601 8191744
8406034 8191744
2482847 2330326
1614668 2330326
5637623 5666199
6086218 5666199
7976762 6927325
7526178 6927325
7329280 6927325
7927393 6927325
8885537 8426275
8658237 8426275
2275924 2107049
2299903 2107049
2199717 2099979
2655285 2099979
3700309 3335314
4469679 3832371
5095119 3911858
4715159 3911858
5125387 3909567
4108501 3909567
1744058 2185269
2452504 2185269
1846686 1741480
1632420 1741480
1368526 1278062
1859881 1758931
3415386 2023443
3127253 2023443
2339015 2023443
4101789 2023443
1285838 1184462
2103474 1986692
1548772 1689795
2041651 1689795
1878368 1786731
1654552 1786731
3671201 3186313
3304813 3186313
3124581 3186313
3805032 3186313
1137575 1007716
2500651 2292878
1579125 1809133
2053535 1809133
1476982 1710277
1920425 1710277
971789 871292
2321483 1952106
2161286 1952106
2846857 1952106
2194031 2070824
2653726 2070824
1831217 1701430
2549035 2422957
1496221 1777569
1993425 1777569
978576 873890
2338559 2240938
2768584 2240938
2227184 2240938
1693859 1460353
2619105 2481006
5110697 4136493
4977319 4136493
4779087 4136493
4615824 4379260
4964293 4379260
34095646 4379260
7101858 6918555
34795837 34699872
1898342 2237868
2630904 2237868
4125704 3656058
2827465 3656058
4210128 3656058
4083243 3656058
6794908 6561025
6281464 6561025
1636817 1926615
2158886 1926615
1712359 1500521
2673096 2458924
1488203 1347996
3117037 2344770
2809833 3278179
3480455 3278179
2682425 3278179
1487212 1298194
2016808 1915577
1954251 1531266
2872207 2658587
2230679 2308104
2744732 2308104
4155560 3808147
4031216 3935898
1712679 1994234
2275082 1994234
4336089 4415180
3334704 3187690
5409370 3187690
3587920 3078508
7198826 3078508
3400454 3078508
8352544 8139446
1630888 1506944
2104965 1506944
4949185 4279089
4814422 4279089
4823354 7065226
6995295 6598053
4904199 6598053
7800225 6598053
7282074 6598053
8726979 8595770
2112637 1961093
1850645 1961093
4905061 5068439
6229381 5068439
6017403 5068439
5023861 4645488
5892745 5935032
5133926 5935032
6358543 5935032
8104982 7921347
988684 863801
946594 852027
6355644 5930397
4047946 5930397
5526043 5679596
6549595 5679596
8187487 7856513
7110092 7856513
8189624 4644573
5081818 4644573
10162483 9954303
1440992 1257822
2987414 2108305
4188238 2108305
5169853 5181287
5605616 5181287
6416881 6200531
5995710 5279280
6004709 5722705
5796482 5722705
5545466 5419442
1650020 1399374
1041975 913993
990960 880163
4209993 5031770
6342475 5031770
4142090 5031770
5231358 5853688
5707122 6346129
6220868 6346129
6651173 6346129
1497425 1345711
1125230 1015399
4802577 5375379
5216574 5375379
5699430 5375379
5918030 5375379
4604694 5375379
5067820 5375379
1395825 1243415
1205512 1071805
1279024 1083410
1164626 1040993
3615792 3189491
4003545 3189491
35670840 3189491
3741462 3189491
5059499 4948153
36432596 36333716
1008021 915339
943983 844527
1019158 865811
1095197 971816
1693909 1460065
3573284 3445233
2364031 1971907
3620577 3394847
3336865 3394847
952769 840431
1304442 1196727
1383203 1253627
927884 833463
2463369 4112442
4342932 4112442
5133947 4112442
5260134 2660824
3064097 2660824
1915706 1776635
1017899 832523
1983676 1795818
1749691 1795818
965125 810246
6202885 5229847
5861274 5229847
6254092 5229847
7287415 4820461
5056009 4820461
4765711 4820461
1019557 883849
1588636 1427782
1734003 1592288
940859 823874
2945304 928301
4605997 4806609
5086512 2448255
2726286 2448255
4798010 2448255
4906012 7048302
7290738 7048302
1647044 1224201
1710447 1585996
962881 821584
930105 797129
3411281 2511127
3955673 4476382
4876427 4510644
4773534 4510644
4651720 4510644
6143421 6027628
1775385 1416781
1628553 1416781
963246 811435
1155084 941521
1003526 863301
4019174 3251787
3855464 3164742
3657845 3164742
3454004 3164742
5235092 5061541
1925612 1652844
1893315 1652844
943756 834544
1088731 940897
981779 832938
2699107 3561979
4293834 4210657
4494473 4210657
4859690 4210657
4234524 4210657
1918821 1596946
1710395 1576179
1029832 874417
1215637 1056552
1040933 854433
3350544 3092713
3402552 3092713
4782080 4886662
5159264 4886662
2911374 2116662
2344989 2116662
5800377 2116662
941895 807171
1197740 1013337
1056762 916392
1918487 2003823
2227693 2003823
2869316 2623769
3475012 2623769
4480243 3471197
4633474 3471197
4340565 3471197
1297619 1168948
1224563 1049720
996332 819863
1650305 1116648
2240482 2074048
1800467 1660821
1665983 1660821
156348915 155817800
156417985 155817800
5026262 4933350
5404838 4933350
5777766 4933350
5054551 4933350
6474882 6243270
10846615 10730115
160849297 160719849
161271168 160719849
5505030 7626894
7519743 6907728
5732716 6907728
8408892 6907728
7489749 6907728
7884264 6907728
8621483 6907728
9326916 6907728
9751222 6907728
10749763 10562887
1124747 983752
974014 870495
5355385 5489354
5221936 5489354
5841145 5489354
6230408 5489354
5478065 5348155
6959015 5348155
7293724 5348155
7657565 5348155
1897334 2203338
2577337 2203338
2768537 1256182
3733628 3600285
5279929 4261388
5118299 4261388
4673393 4261388
5171628 5831446
6417755 4865221
5066243 4865221
1693709 2009133
2250080 2009133
1908460 1488943
2272925 2107479
1166637 1030423
2401266 1980249
2217920 1980249
2876574 1980249
1699027 1896629
2287267 1896629
1836622 1421375
1650965 1421375
1010208 850542
1972379 1560932
2699959 2442838
3054365 2448804
2239038 2100269
2034546 1879045
1814240 1618103
2069016 1618103
943662 817122
944158 822384
942589 826066
1002064 870929
1979277 870929
1358867 1155586
1099679 862729
2324335 2153521
3088679 2153521
2668125 2524230
919970 812269
2070466 812269
1063674 900969
981655 849987
2551520 2472542
2769979 2472542
1250528 955908
1896039 1657739
3703798 2947103
1832901 1453566
1665233 1453566
4736981 4624324
5069313 4624324
5917725 4624324
2129802 1995625
2425861 1995625
951447 838567
1899617 1445324
1738456 1445324
994807 835660
3155449 2406207
3476777 3047602
3636648 3302415
3494994 3302415
1980976 1827803
1716042 1827803
938855 806637
1876320 1738760
2213755 1738760
2889909 2764705
2597543 1746803
2538531 2356904
2338529 2188512
2346224 2128789
2531183 2128789
5118174 4743149
4499997 4743149
4857969 4743149
5782522 4743149
5448759 4743149
4755786 4743149
6975711 6865360
6975711 6865360
1447305 1077448
2710297 2599169
3628418 3514445
1047517 946794
4674686 5094353
4253821 5094353
4785996 5094353
5784912 6005886
6217180 6005886
5679036 6005886
1016633 915921
1400337 1205086
3241482 3099258
962793 847375
1690763 1085190
4489069 2629414
3140177 3048389
3763576 3048389
5266303 814833
6412147 6272356
7782829 6272356
1219016 1058894
1019531 900553
3409268 3603292
4132764 3603292
4059112 3388458
4980632 4798379
3854996 4798379
2316355 1875351
2183631 1875351
2909718 2805226
1029229 868444
2379323 2211876
990371 890115
3419803 3320217
3811661 3320217
2411438 3320217
2929034 3320217
1797861 2236263
2463917 2236263
1756383 1348595
1640486 1348595
1132737 936636
1951518 1123710
2821558 2533540
2143149 1999439
2502543 1999439
1128802 1014241
2923946 3157455
3430683 3157455
1763094 2007924
2258998 2007924
967346 862475
1939757 1684144
1873131 1747167
1552417 1460220
1642736 1539786
1106103 784089
2933944 2645499
2970330 2749874
2214749 2389380
2939219 2389380
2714848 2389380
976328 834646
1170518 1989418
2257781 2906866
3123516 2906866
1743502 1432745
3192302 2840688
3055957 2840688
1903996 1793514
1624495 1793514
1040354 907199
1016213 837900
2980771 2481772
2778444 2481772
2558149 2481772
2262782 2103152
2895050 2103152
2615789 2103152
2459224 2282880
2294209 2282880
2942631 2282880
915513 819112
2054679 1917299
2682385 1917299
3295900 3123755
2329759 2052879
2154610 2052879
3469996 3258363
2507624 3102685
3133868 3102685
3567011 3102685
4134526 3969625
1683708 1544819
2052158 1544819
1067734 881231
34141670 33631361
3875463 3020256
3296381 3481125
3706699 3481125
2503896 2648297
2347812 2648297
3276031 2648297
8256977 8097559
40360036 40208809
40936456 40806132
1937562 1549953
3886635 3198314
3145271 2998130
3249546 1896323
2093648 1896323
2931391 3008076
3542570 3008076
4388726 4059880
3945610 3621759
3554832 3405516
2009084 1438821
1687010 1438821
2112324 1673468
2383961 1885956
2159449 1999455
3582543 3562702
3498936 3562702
3481666 3383556
4314887 3383556
4692176 3383556
1952232 1790862
2253790 1790862
2390916 1954925
2407252 2234648
3060489 2234648
3990155 2941343
3335036 3385918
4348038 3385918
4125335 3385918
3851586 3385918
1601960 1248304
2252845 2081129
1671946 875087
2915926 2720478
3016702 2720478
2933704 2570947
3308085 2570947
3833846 2745879
3171460 3402002
3636584 3402002
2605343 2349958
2500037 2349958
2776386 2317816
2776386 2317816
5016503 2317816
1710793 1358668
2240952 1960795
2587103 1960795
2043042 1915507
5386104 1915507
3374440 3692268
4485770 3692268
4730929 3692268
4196688 3692268
4202546 4086205
3694168 3425167
4547567 3425167
4500341 3688519
3981428 3688519
4328284 3688519
3420536 4086122
4010341 3419195
3592177 3419195
4954889 3419195
4987917 3419195
967889 843594
3056996 2488309
3595277 2911280
9202168 2911280
9072471 8894891
4534975 3779779
3722793 3814450
4838128 3814450
3662271 3814450
4272894 3814450
934981 828582
1768769 1633021
1555504 1633021
1103811 933175
2860460 2942110
4226034 3356908
3399689 3356908
3725647 3356908
948358 821746
1126396 1005177
1563413 1455131
1935691 1455131
1981355 1338173
3372811 1338173
3897091 3423936
2709929 2821005
3147840 2821005
1472185 1330152
2165191 2015658
987858 862633
976418 860142
8669790 8282074
10343273 9619951
10156781 9619951
9630536 9619951
8913653 9619951
10097327 9619951
9758372 9619951
11701597 11583686
1616148 165601412
165824536 165601412
6802717 5524558
5648843 7501603
6093244 7501603
7104590 7501603
8150229 6941995
8111359 6941995
7434751 6941995
7406428 7224984
9464323 9317603
1466608 1261872
1979397 1660089
3803935 2014497
5258943 5401703
5098023 5057239
6007560 5057239
5552318 5057239
5292257 4936430
5166826 4936430
7054324 4936430
1277104 1085016
1011970 859871
953842 820612
3104643 1636757
3481992 3075043
4293333 4657472
5189035 4657472
5032783 4657472
4279023 4657472
4958803 4657472
1376572 1158417
1167279 969516
981449 861677
1681932 1363206
1710320 1603276
2819966 2325385
2870635 2325385
2497549 2346628
2982767 2346628
1231463 1062792
1073270 885602
1987107 1641386
1855953 1724203
995100 850000
1464241 1323804
1831657 1323804
4688447 4567877
5868197 4784830
1195006 1046106
1083169 933156
966620 852065
1631114 992316
3102130 2274801
2862716 2120036
4395071 2120036
6446440 5970787
7832434 5891676
6088363 5891676
1293536 1086199
1231629 1102524
934519 816408
1961767 1378702
1651038 1378702
2962041 2862449
2810465 2862449
3921395 2862449
3622970 2862449
1183116 1014838
1001315 879786
1118508 1007245
984598 892406
1017469 878458
2142032 2021628
2405384 2147781
3748267 2854821
3282799 2854821
3770567 3655139
1195360 1010726
925667 830072
1002817 845172
1146665 945939
1214468 1114988
2040680 1937586
1562492 1464545
1899109 1464545
3389004 3175174
3500180 3345199
953157 821447
994800 840007
1064155 884802
1013894 882190
1902242 1429329
1644693 1429329
41176867 40797688
41709976 41969153
42208056 41969153
2564921 2445289
42707241 42609390
1474635 1721000
1954013 1721000
1094681 942156
941977 836548
2191193 2048025
1827217 2143543
4385471 2143543
950014 844281
3897912 4071347
3133832 4071347
4359994 4071347
2324032 2190055
877916 788297
1921528 1438856
1800769 1701554
1198326 1045273
3991499 4635198
5051825 3397106
4132473 5457723
5687098 5457723
4148216 5457723
3954069 5457723
910856 795197
1350596 807131
2132365 1965780
1589803 1255083
3724707 3748001
4117164 3748001
4045353 3748001
4098696 5050915
5425002 5688019
5883068 5688019
873242 762727
1000980 809552
1007147 837385
1296805 1053645
3073148 2569646
2888275 2569646
3630948 2569646
3163440 4990707
5187800 4990707
5146194 5015479
995824 855748
960477 841839
926426 797869
1029433 885673
3757054 2181000
5255474 4742439
5709548 4742439
5327662 4742439
5137574 1337681
1705467 1337681
5901023 1337681
952674 809744
1063835 851042
1166008 1015420
1021906 897605
1968912 1819599
1630006 1819599
5284682 4566283
4891403 4566283
5288180 4566283
3220151 2915224
3450247 3357651
6358585 3357651
1398344 1185037
928865 808447
1699343 1379640
2082913 1943580
2507620 2361962
3432702 2361962
3166900 2870047
3657552 2870047
4558336 4196712
3003951 2868798
1272555 1114210
1011705 874383
953606 820008
2145520 1968130
2140735 1907643
1747965 1907643
2228407 2398053
2836880 2398053
2187941 2026553
3086441 2026553
1385978 1219674
1090460 916353
1148297 857630
2239106 2097473
924580 800321
1080834 899720
1917223 1788922
1672026 1788922
4213771 3995469
4207788 3995469
1340971 1107444
1054033 929551
1517058 1394995
2161011 2023013
1528930 1118583
1407597 1276579
2476219 2351002
2480588 2351002
3723993 3551384
34039913 33926302
950105 844806
1049451 924728
1861522 1773377
1698975 1773377
1835527 1434854
1672221 1434854
1672116 1534108
1361790 1163364
1001582 849882
2046154 1626202
1834145 1626202
1245973 1977907
2229201 1977907
1099345 983700
975947 859240
4258223 859240
5053069 4846747
5616596 5445715
1306386 1121432
1040034 935625
1944987 1508174
1765904 1508174
1337644 1197137
1371281 1265253
2312587 2112028
1012295 866720
1046118 943914
1898864 1801524
1747895 1801524
995717 898058
1789305 2139139
2406791 2139139
965395 866400
971037 847812
1013864 889111
950537 826238
1615348 1746527
2058185 1746527
1645744 1843915
2120728 1843915
1533866 1400251
1366536 1267467
1368138 1247444
2225249 2089732
959744 834510
943641 822518
1634946 1375202
1733331 1554071
1592588 1747391
2082235 1747391
1710442 1531736
2112500 1531736
1494319 1134509
1343337 1219666
1252433 944586
983843 857976
1652280 1202775
1542405 1428401
1068537 896302
1904745 1734446
1679592 1734446
4399290 4204719
3642576 4204719
971245 845575
1031763 845943
1744148 1929860
2175142 1929860
1710111 1174214
1470753 1350079
1113425 981926
2768252 2097131
3857077 3439770
3728202 3591111
1189212 1033349
1068191 894804
1816733 1231993
1557122 1434319
1061207 857882
1691357 815461
1159186 982761
999655 834057
1500160 2827811
3126293 2827811
1058034 863747
950888 823737
2048263 1952636
1818144 1952636
939290 812615
1054883 885174
1265555 1118169
936446 816954
962406 840242
1078145 896293
3195489 3065026
1288232 1161203
930604 829896
977742 857830
954976 853861
1294969 1122456
147094945 146822027
1900265 1760918
2695148 2584576
149568290 149464495
3431432 3022093
3842289 3022093
3569231 3022093
4805764 4692832
1642383 1447065
2486020 2362350
5325398 0
5325398 0
3387644 0
6998800 0
7287374 0
3404857 0
3048512 0
3142642 0
3573713 0
3428278 0
3054194 0
3584765 0
3147329 0
4140896 0
5578854 0
2312311 0
449468 0
3078872 0
6741821 0
6360476 0
9201819 0
3227004 0
3081679 0
3146803 0
3099705 0
3126946 0
6362226 0
3074254 0
3197903 0
3072717 0
6432608 0
244342 0
3124050 0
6464018 0
3224267 0
3225591 0
3016486 0
3093135 0
3097499 0
3449614 0
3158641 0
6308585 0
3209154 0
189668 0
3020162 0
2989009 0
3295283 0
2978416 0
6886412 0
11675491 0
16273180 0
21715367 0
22320141 0
6537148 0
7815016 0
232649 0
3052808 0
348701 0
3358547 0
3037588 0
9276430 0
6777752 0
12886924 0
7316920 0
264732 0
3126076 0
3155443 0
3099911 0
4490185 0
357195 0
3982570 0
7953147 0
15109924 0
14828692 0
15580761 0
3208788 0
220866 0
3331402 0
3279136 0
2984417 0
3061107 0
199803 0
3336235 0
3158311 0
212384 0
6692315 0
3070070 0
283848 0
3291173 0
3091072 0
2390644 0
246670 0
3153881 0
225045 0
3580397 0
3027675 0
3189913 0
3558214 0
3406283 0
3172625 0
345256 0
7203181 0
3098444 0
716441 0
6629806 0
5280878 0
3366403 0
288650 0
3928397 0
805366 0
3040902 0
3060166 0
3093155 0
7228210 0
7099307 0
9653997 0
13307269 0
3031019 0
3209872 0
3453570 0
3074371 0
374026 0
3330844 0
3555831 0
3320439 0
245865 0
5120584 0
1954846 0
196031 0
511866 0
3319804 0
3241165 0
3204310 0
3275887 0
3421694 0
6952962 0
3374424 0
5158351 0
372239 0
409398 0
3397369 0
3192247 0
264215 0
358602 0
3338986 0
3118382 0
311407 0
3683784 0
190683 0
484023 0
3453500 0
678363 0
7326153 0
3225857 0
349975 0
3406539 0
240347 0
3503200 0
286033 0
3529306 0
3113248 0
6718434 0
3311071 0
200526 0
3153324 0
3364329 0
316471 0
3301731 0
1489125 0
3107388 0
3309037 0
6984383 0
265377 0
3149490 0
3093652 0
204705 0
220968 0
181844 0
489408 0
182233 0
3286938 0
349705 0
817118 0
231142 0
2979272 0
197967 0
256838 0
221953 0
182374 0
388580 0
3185954 0
3746279 0
3898801 0
3094043 0
299166 0
3670484 0
203838 0
316544 0
200509 0
3231569 0
3550852 0
3095888 0
209153 0
238100 0
3238062 0
199251 0
193968 0
194539 0
182151 0
3253916 0
206699 0
539981 0
7280458 0
261497 0
252231 0
199398 0
3104407 0
6618310 0
272803 0
3065677 0
6971462 0
209961 0
3212324 0
199573 0
191199 0
502483 0
188876 0
4454202 0
529521 0
206610 0
12231566 0
8119799 0
3161392 0
344566 0
196880 0
211280 0
3830308 0
467777 0
4120655 0
196710 0
169514 0
307867 0
176856 0
233191 0
246497 0
3735903 0
362424 0
3227619 0
180591 0
3992235 0
703737 0
357005 0
3222720 0
181681 0
3716751 0
4080990 0
474493 0
451994 0
472139 0
172729 0
246632 0
244251 0
534004 0
182624 0
334434 0
836321 0
511830 0
3451436 0
3702863 0
3107711 0
6382486 0
886596 0
996666 0
3040694 0
383909 0
780539 0
189503 0
192981 0
205840 0
191949 0
3307251 0
3652966 0
203528 0
3060176 0
3757530 0
171804 0
3311179 0
10454201 0
277745 0
1720937 0
3606991 0
176557 0
343967 0
182079 0
4371567 0
263989 0
180219 0
255821 0
177170 0
188755 0
267411 0
351822 0
625658 0
274933 0
350732 0
218844 0
3313450 0
794365 0
211287 0
3357888 0
3020965 0
364472 0
736931 0
190060 0
309176 0
213817 0
3491925 0
276680 0
169895 0
211091 0
270701 0
653939 0
174363 0
293350 0
244738 0
181359 0
288772 0
360875 0
183331 0
209260 0
546285 0
777037 0
1024171 0
199474 0
199848 0
171727 0
214832 0
267345 0
249828 0
3342971 0
596197 0
659669 0
919008 0
206076 0
3331873 0
213466 0
1327735 0
3404454 0
266351 0
211275 0
345324 0
219491 0
605643 0
880433 0
355848 0
1708237 0
325676 0
305203 0
496769 0
3303530 0
505627 0
396371 0
695338 0
247391 0
178134 0
158380 0
183186 0
178821 0
233803 0
295405 0
437483 0
504979 0
1535114 0
1904999 0
3414739 0
3734730 0
274615 0
262854 0
3580668 0
318117 0
226022 0
671605 0
282738 0
3622159 0
214467 0
161588 0
170556 0
2449237 0
3390458 0
277675 0
379247 0
185917 0
3339300 0
312652 0
3364586 0
4610524 0
203853 0
309217 0
696918 0
201606 0
621688 0
621688 0
3236727 0
3474975 0
2826773 0
165815 0
3714390 0
155709 0
407253 0
171225 0
6301619 0
531908 0
869489 0
7027378 0
276351 0
233400 0
496110 0
211223 0
402891 0
182390 0
201158 0
635956 0
614735 0
1216355 0
233653 0
535329 0
3930550 0
190683 0
159719 0
252398 0
263953 0
650980 0
191558 0
181270 0
344821 0
1198598 0
3387534 0
361375 0
537331 0
244031 0
305458 0
3415670 0
3638223 0
1433066 0
143770 0
412568 0
147443 0
399942 0
329635 0
3335069 0
377120 0
1557117 0
174722 0
609254 0
4287960 0
4651907 0
254473 0
193893 0
5130555 0
3233585 0
353284 0
197402 0
3768988 0
353105 0
915929 0
1126383 0
1432678 0
214462 0
257581 0
375891 0
325253 0
457289 0
730255 0
674904 0
1061470 0
1364817 0
247140 0
168996 0
365374 0
171278 0
165704 0
280625 0
256170 0
634786 0
225270 0
184288 0
247422 0
351704 0
231232 0
174438 0
152557 0
222444 0
164634 0
3437016 0
371299 0
553448 0
203216 0
362885 0
517963 0
351036 0
544603 0
1048483 0
1286116 0
3406415 0
363235 0
630604 0
187214 0
403006 0
198683 0
607895 0
250141 0
665696 0
216567 0
3174172 0
3680456 0
197002 0
430955 0
206853 0
499330 0
592246 0
203575 0
3254309 0
3474027 0
383082 0
377195 0
347126 0
3398467 0
427417 0
553558 0
770220 0
180642 0
253361 0
495315 0
187699 0
316954 0
168327 0
162190 0
313764 0
196216 0
150643 0
179620 0
153139 0
157429 0
3591727 0
193978 0
190980 0
244650 0
206024 0
948388 0
3458094 0
171611 0
461458 0
254304 0
341114 0
249562 0
330241 0
764591 0
574467 0
755616 0
3276896 0
3115509 0
3324602 0
3849130 0
254367 0
776545 0
234210 0
1199642 0
250902 0
189156 0
3842292 0
212625 0
421105 0
805121 0
168446 0
546148 0
328990 0
641552 0
245595 0
174937 0
158149 0
3485812 0
3922478 0
203475 0
209226 0
169051 0
4459484 0
6786682 0
173300 0
147251 0
394473 0
316109 0
721112 0
160837 0
414106 0
150099 0
180121 0
207240 0
395546 0
183385 0
151259 0
393908 0
696780 0
195484 0
159871 0
258740 0
223348 0
263200 0
3443409 0
427589 0
640214 0
507405 0
2676510 0
469795 0
457512 0
170831 0
187030 0
248888 0
208856 0
167719 0
825685 0
2363417 0
3701615 0
5343766 0
5829812 0
6472164 0
1989132 0
246949 0
355384 0
547587 0
741824 0
3608672 0
181241 0
254066 0
234682 0
420657 0
264897 0
419776 0
171993 0
174268 0
227613 0
293822 0
761236 0
182541 0
343400 0
516998 0
188093 0
187053 0
214275 0
251132 0
267082 0
460311 0
470645 0
3517715 0
558394 0
726202 0
913835 0
673639 0
494961 0
609460 0
646769 0
442369 0
241973 0
285860 0
265056 0
169785 0
423037 0
353294 0
801167 0
782522 0
2407660 0
262032 0
660515 0
167719 0
424085 0
733038 0
352520 0
842056 0
663470 0
256458 0
233005 0
402841 0
806311 0
197125 0
165204 0
157700 0
230118 0
263588 0
411435 0
215618 0
184540 0
287196 0
673200 0
458518 0
1015998 0
167502 0
196287 0
3222488 0
421973 0
450123 0
499173 0
3566070 0
3549877 0
270730 0
421530 0
754182 0
182862 0
463570 0
601542 0
715630 0
774605 0
364752 0
191072 0
406312 0
425254 0
163797 0
180712 0
697783 0
935600 0
854969 0
601554 0
384773 0
282428 0
3489400 0
634200 0
677958 0
592359 0
190571 0
270559 0
186073 0
628443 0
360241 0
189813 0
250415 0
161908 0
153315 0
159773 0
563450 0
258621 0
193193 0
303334 0
687284 0
231423 0
657522 0
205317 0
392926 0
269208 0
211833 0
363986 0
197127 0
186224 0
230799 0
185066 0
291743 0
598260 0
615770 0
964467 0
380618 0
344960 0
198952 0
331609 0
193553 0
260078 0
196991 0
177988 0
3643349 0
3666385 0
779090 0
503685 0
786400 0
179794 0
162129 0
3227000 0
1515851 0
543314 0
683998 0
4334528 0
426385 0
836703 0
164956 0
181758 0
171827 0
177356 0
155667 0
273653 0
4339874 0
578446 0
162560 0
255170 0
187675 0
254016 0
630326 0
282425 0
288165 0
445399 0
471914 0
900671 0
812409 0
238973 0
169740 0
311071 0
159006 0
435738 0
160998 0
231187 0
386174 0
197591 0
264736 0
179466 0
175899 0
153909 0
159032 0
160179 0
325266 0
344605 0
216865 0
619543 0
192961 0
378394 0
453694 0
148224 0
414939 0
184801 0
241065 0
760952 0
1198009 0
344568 0
212527 0
197282 0
167957 0
161574 0
161574 0
403502 0
192170 0
332113 0
377658 0
225753 0
221749 0
420030 0
159322 0
179844 0
173505 0
455412 0
225925 0
181710 0
211214 0
246953 0
174194 0
182882 0
437894 0
219711 0
971948 0
388360 0
1083919 0
1131560 0
230049 0
160439 0
432411 0
157120 0
159934 0
4585089 0
222485 0
624809 0
1086931 0
170424 0
3333822 0
195686 0
534392 0
472051 0
463637 0
3213050 0
400936 0
1418662 0
527054 0
555102 0
174753 0
260697 0
158564 0
167771 0
163552 0
173626 0
322844 0
322335 0
518996 0
714907 0
183565 0
4070633 0
1998006 0
2065024 0
2352454 0
176461 0
547308 0
770319 0
997559 0
4535946 0
3893512 0
236829 0
403524 0
378491 0
803288 0
171124 0
252546 0
648040 0
253329 0
226666 0
181053 0
277224 0
252934 0
457176 0
514510 0
160827 0
323927 0
193538 0
232852 0
164987 0
168596 0
254476 0
157915 0
225389 0
446487 0
343294 0
412718 0
478665 0
881469 0
3184866 0
1681754 0
155802 0
241734 0
161227 0
157628 0
180204 0
314900 0
695768 0
163787 0
252111 0
284160 0
472071 0
166254 0
162879 0
202234 0
171419 0
417338 0
480399 0
898127 0
163250 0
205554 0
458813 0
716449 0
189982 0
171981 0
221433 0
276431 0
237756 0
1045758 0
160553 0
208390 0
218483 0
394169 0
328095 0
362578 0
169604 0
286483 0
767937 0
1231839 0
1591227 0
162001 0
156386 0
155263 0
210605 0
495936 0
274275 0
332782 0
478661 0
510452 0
536346 0
285862 0
314234 0
154575 0
215222 0
390506 0
181984 0
1052628 0
1556165 0
1742111 0
1919730 0
3171980 0
181426 0
157439 0
5058598 0
5995896 0
649775 0
229696 0
159207 0
855813 0
1948820 0
265857 0
450624 0
2749134 0
317305 0
157746 0
264009 0
374800 0
690037 0
303343 0
823359 0
10402410 0
339217 0
458577 0
840742 0
840742 0
311925 0
163694 0
184349 0
158702 0
177944 0
387707 0
757676 0
173440 0
454466 0
667100 0
970457 0
1332334 0
376524 0
376524 0
544487 0
682828 0
945161 0
945161 0
349810 0
186957 0
173852 0
156452 0
387865 0
482717 0
3509554 0
3587262 0
7603557 0
7588380 0
723407 0
774805 0
986930 0
1609609 0
182301 0
158932 0
229315 0
708814 0
168239 0
233250 0
995852 0
254558 0
179286 0
1077545 0
305451 0
382402 0
230766 0
196123 0
237881 0
194193 0
3241981 0
3807854 0
4619148 0
297755 0
397524 0
375204 0
161785 0
334353 0
726920 0
165242 0
257865 0
152702 0
223432 0
191986 0
508804 0
158102 0
311235 0
657481 0
164119 0
353397 0
393681 0
363518 0
169118 0
272207 0
155417 0
586909 0
435579 0
285530 0
170356 0
467124 0
172570 0
162769 0
169495 0
541080 0
350813 0
185911 0
192364 0
3709395 0
3808267 0
458997 0
180507 0
437755 0
808627 0
718525 0
667520 0
645685 0
637699 0
316394 0
203808 0
182375 0
152437 0
474953 0
731559 0
578899 0
338270 0
467361 0
383569 0
261113 0
172481 0
176919 0
268979 0
535861 0
699460 0
433217 0
636550 0
1022635 0
229706 0
165832 0
170160 0
249744 0
419716 0
695283 0
618575 0
292683 0
704458 0
1030453 0
182173 0
196168 0
228185 0
162599 0
185692 0
544543 0
594398 0
276521 0
4105655 0
3290935 0
3590036 0
3993313 0
3979999 0
4441354 0
167879 0
221410 0
260459 0
430084 0
179961 0
271023 0
391842 0
695763 0
586125 0
807447 0
174807 0
172869 0
158168 0
370154 0
269503 0
191642 0
787250 0
606910 0
855773 0
151894 0
225964 0
158755 0
198270 0
301022 0
736607 0
297320 0
157652 0
483263 0
3483875 0
505392 0
807711 0
844007 0
711973 0
395496 0
225661 0
162235 0
186079 0
167011 0
251175 0
230860 0
239107 0
158659 0
231663 0
298196 0
3311288 0
172429 0
250356 0
185967 0
335175 0
552482 0
551662 0
160632 0
269114 0
345639 0
278198 0
174597 0
168697 0
711078 0
263333 0
403111 0
393758 0
219658 0
290463 0
449090 0
197155 0
160811 0
268668 0
172258 0
171700 0
246954 0
798312 0
293585 0
187210 0
353680 0
162565 0
170144 0
172217 0
171715 0
235149 0
539911 0
347436 0
184231 0
169094 0
384346 0
184201 0
177964 0
178147 0
178887 0
150612 0
587580 0
248324 0
240604 0
183304 0
371225 0
175573 0
185850 0
192439 0
168508 0
222671 0
524039 0
350196 0
179626 0
175022 0
370078 0
316082 0
221981 0
421857 0
422445 0
432457 0
158838 0
669871 0
381650 0
241666 0
348148 0
185239 0
267575 0
192765 0
186140 0
3374659 0
3588065 0
595386 0
848881 0
223277 0
695471 0
193611 0
393068 0
3226453 0
178343 0
420612 0
678276 0
736448 0
659371 0
337821 0
195570 0
192179 0
248660 0
162879 0
293758 0
619022 0
270304 0
352984 0
180352 0
172003 0
213043 0
215565 0
152781 0
544506 0
242741 0
204796 0
186714 0
366797 0
270366 0
177714 0
304286 0
176643 0
243869 0
325109 0
429325 0
273508 0
176778 0
370395 0
172731 0
235537 0
278199 0
240802 0
258703 0
375746 0
522617 0
160979 0
353840 0
289794 0
268915 0
198815 0
192891 0
263206 0
457406 0
234715 0
491705 0
186002 0
166474 0
178276 0
176309 0
286749 0
154616 0
181654 0
189379 0
174995 0
610470 0
644138 0
248906 0
181016 0
234925 0
175174 0
177069 0
386214 0
535629 0
619369 0
791022 0
1000752 0
201312 0
223771 0
178413 0
176302 0
234383 0
191778 0
514672 0
384469 0
692588 0
265032 0
223070 0
174732 0
216506 0
344503 0
250642 0
168921 0
696225 0
178753 0
190772 0
185646 0
171243 0
251311 0
190046 0
243894 0
183894 0
355670 0
228510 0
605141 0
178522 0
177780 0
193870 0
208148 0
168043 0
166124 0
161225 0
450188 0
772850 0
988573 0
278213 0
179636 0
437057 0
171900 0
167081 0
210822 0
231918 0
231918 0
834323 0
196292 0
175264 0
155030 0
268040 0
334797 0
323715 0
305522 0
472178 0
850670 0
818063 0
232434 0
154459 0
466423 0
1140593 0
371293 0
354488 0
178061 0
558833 0
573658 0
262509 0
332599 0
350280 0
264318 0
415755 0
144903 0
250224 0
181261 0
553174 0
567434 0
171044 0
171572 0
202805 0
292212 0
169908 0
148228 0
264363 0
393076 0
361736 0
944245 0
870429 0
185590 0
331098 0
187404 0
203481 0
173931 0
163576 0
228082 0
401744 0
938793 0
894120 0
191871 0
365753 0
267225 0
246676 0
155702 0
196021 0
290031 0
563649 0
478908 0
1029034 0
171907 0
283100 0
152767 0
185111 0
170554 0
220579 0
329748 0
496582 0
606356 0
238359 0
170695 0
232471 0
603918 0
171131 0
146276 0
297585 0
434901 0
478848 0
960888 0
782792 0
184810 0
151959 0
581376 0
220072 0
160803 0
210663 0
393671 0
245529 0
248283 0
996377 0
1292932 0
209832 0
156342 0
466645 0
221442 0
178432 0
204885 0
341823 0
194187 0
169035 0
166540 0
225337 0
679311 0
265026 0
202790 0
168167 0
237077 0
441966 0
678696 0
213470 0
190641 0
203895 0
194253 0
2227066 0
2027381 0
317256 0
630432 0
690496 0
610296 0
201527 0
190160 0
289667 0
268938 0
206325 0
178701 0
223260 0
177886 0
428361 0
794121 0
874229 0
267216 0
206444 0
154678 0
332558 0
475473 0
232638 0
195158 0
839012 0
903777 0
916919 0
386161 0
199703 0
180963 0
514986 0
198596 0
185174 0
220934 0
1088651 0
620668 0
1062295 0
171643 0
173816 0
169404 0
172475 0
169822 0
260333 0
439631 0
459251 0
1072206 0
3523634 0
322464 0
599636 0
450404 0
503411 0
3916678 0
3710540 0
3985661 0
3743345 0
2734104 0
3753969 0
3676339 0
4061222 0
172339 0
495213 0
307323 0
685116 0
855818 0
1220891 0
747126 0
764172 0
852370 0
1097516 0
1087463 0
1427711 0
535955 0
616790 0
637642 0
690673 0
514954 0
1556529 0
1511731 0
172882 0
370381 0
163590 0
247314 0
219711 0
208615 0
159314 0
174819 0
216311 0
545612 0
279910 0
310548 0
1010484 0
243546 0
157309 0
146562 0
455422 0
421641 0
310836 0
171939 0
443911 0
186552 0
174239 0
172684 0
278693 0
171963 0
520896 0
446041 0
186451 0
333847 0
183663 0
167162 0
161259 0
178665 0
151681 0
235240 0
225255 0
1399449 0
397041 0
179444 0
232789 0
155601 0
151623 0
188496 0
166387 0
621677 0
697757 0
355639 0
156304 0
181782 0
154974 0
181353 0
189572 0
183706 0
201996 0
170596 0
173072 0
363817 0
193229 0
177616 0
185929 0
281050 0
179562 0
177604 0
276958 0
244955 0
387769 0
287419 0
189380 0
176834 0
174631 0
400410 0
5830356 0
285876 0
323049 0
6538979 0
352918 0
511002 0
722177 0
328696 0
640662 0
224412 0
659128 0
191080 0
556171 0
884503 0
319584 0
309074 0
636310 0
169773 0
574655 0
3344501 0
4004860 0
572872 0
549458 0
708749 0
344830 0
200148 0
514371 0
145833 0
159167 0
304004 0
158043 0
222724 0
370967 0
317189 0
428882 0
200519 0
579080 0
247851 0
149195 0
567927 0
638679 0
729826 0
1413963 0
819234 0
348226 0
190021 0
576109 0
338524 0
346167 0
260367 0
817095 0
220403 0
1196082 0
151322 0
353830 0
278453 0
251404 0
407999 0
344910 0
761055 0
1141000 0
1077754 0
711712 0
1138069 0
381724 0
246639 0
178653 0
156731 0
1055102 0
231661 0
615848 0
348140 0
501022 0
467528 0
348927 0
208427 0
602187 0
388393 0
165827 0
299845 0
161840 0
407012 0
161001 0
147611 0
336395 0
322788 0
188208 0
481090 0
165081 0
254714 0
170979 0
433616 0
770433 0
1487888 0
339391 0
325016 0
161142 0
171184 0
539723 0
324609 0
254839 0
451718 0
798292 0
545066 0
375342 0
357974 0
888930 0
650746 0
641960 0
235704 0
605594 0
148497 0
453464 0
455027 0
313691 0
322305 0
559518 0
202142 0
1022522 0
332995 0
381194 0
467887 0
3234414 0
468359 0
669079 0
390107 0
150793 0
713591 0
1187448 0
308760 0
228774 0
410731 0
199671 0
365173 0
294084 0
189793 0
488435 0
152939 0
351440 0
152669 0
144507 0
140015 0
150322 0
343055 0
267837 0
157389 0
203809 0
688921 0
324726 0
302759 0
517174 0
164171 0
141219 0
370529 0
455089 0
251918 0
363266 0
172986 0
430548 0
153637 0
259683 0
324619 0
224425 0
169664 0
188279 0
155643 0
266518 0
165545 0
411136 0
1161913 0
150511 0
362319 0
160762 0
166501 0
155507 0
240426 0
336503 0
248824 0
171300 0
467366 0
159138 0
421667 0
328620 0
259701 0
151615 0
570009 0
358540 0
264228 0
215124 0
341730 0
289176 0
277225 0
429326 0
327091 0
341467 0
276727 0
184804 0
145370 0
433954 0
333641 0
191939 0
189890 0
168121 0
396529 0
372810 0
395636 0
600434 0
476042 0
328214 0
196708 0
162205 0
163746 0
710438 0
432839 0
190062 0
319162 0
330857 0
670628 0
551917 0
503932 0
199815 0
240591 0
370379 0
169987 0
178927 0
207396 0
317233 0
671659 0
623310 0
215995 0
204392 0
385160 0
167897 0
261865 0
151778 0
387948 0
259743 0
168296 0
152775 0
157532 0
346847 0
156999 0
157710 0
155397 0
151929 0
332823 0
354768 0
170744 0
162197 0
153215 0
372475 0
180521 0
149363 0
217789 0
155661 0
598895 0
233915 0
170189 0
152971 0
426911 0
160523 0
230122 0
190641 0
155689 0
440527 0
216232 0
240249 0
505161 0
152441 0
355811 0
179458 0
173165 0
162852 0
235439 0
369397 0
243258 0
388581 0
479078 0
1285708 0
378186 0
220743 0
259311 0
156997 0
155136 0
365683 0
526310 0
601281 0
1029579 0
154382 0
373804 0
173385 0
178156 0
158597 0
146195 0
429706 0
206084 0
145498 0
799574 0
1190521 0
339645 0
164936 0
148630 0
178234 0
147465 0
375871 0
264271 0
480736 0
769110 0
153707 0
3538695 0
726072 0
591213 0
604301 0
1168208 0
433868 0
279925 0
216739 0
894784 0
151590 0
493544 0
557122 0
657937 0
148929 0
4388521 0
373684 0
405306 0
380504 0
909354 0
146329 0
276380 0
516292 0
156916 0
1189586 0
212118 0
325956 0
505633 0
163096 0
797211 0
1216416 0
266829 0
277564 0
298172 0
1043438 0
249987 0
317763 0
203800 0
595759 0
933748 0
146472 0
273759 0
160609 0
158614 0
143075 0
249242 0
314299 0
509058 0
642263 0
664594 0
1128505 0
216467 0
174899 0
326010 0
362700 0
171582 0
369178 0
349445 0
3222268 0
3950397 0
4388497 0
208085 0
346784 0
579929 0
251589 0
186839 0
336888 0
411752 0
182951 0
578934 0
792634 0
255794 0
176915 0
267368 0
450892 0
251501 0
272829 0
447840 0
174759 0
331565 0
426710 0
230299 0
167389 0
214192 0
152979 0
248768 0
283511 0
319234 0
371375 0
354595 0
615418 0
254249 0
175669 0
218439 0
489424 0
152303 0
306324 0
296979 0
495586 0
520386 0
173205 0
262804 0
152229 0
206049 0
173194 0
378984 0
299334 0
347652 0
270301 0
463957 0
259733 0
181904 0
133650 0
741855 0
149052 0
348881 0
286167 0
279866 0
257680 0
162764 0
198180 0
153172 0
293007 0
667962 0
294193 0
150873 0
221452 0
249583 0
321943 0
175529 0
147235 0
145604 0
201843 0
379848 0
456166 0
172297 0
464249 0
244676 0
196214 0
161620 0
416454 0
152903 0
176919 0
351102 0
318110 0
168271 0
148721 0
258069 0
179417 0
231695 0
186086 0
393301 0
351538 0
218685 0
411411 0
170969 0
195041 0
185204 0
303157 0
194279 0
356514 0
282964 0
171124 0
145704 0
171630 0
311529 0
202362 0
200873 0
149710 0
228003 0
436079 0
378008 0
277754 0
499712 0
275381 0
215550 0
162534 0
295655 0
154741 0
158547 0
365553 0
665120 0
651577 0
191234 0
240132 0
160096 0
491788 0
348644 0
441116 0
229684 0
180171 0
175948 0
260829 0
251566 0
188228 0
183475 0
162463 0
452670 0
215113 0
173280 0
244136 0
208928 0
187290 0
338846 0
236627 0
161488 0
153626 0
354798 0
253653 0
161416 0
176116 0
193082 0
195382 0
171319 0
160813 0
188889 0
150426 0
357692 0
343883 0
161656 0
203280 0
175160 0
320987 0
520630 0
145920 0
158750 0
324806 0
192063 0
594841 0
208956 0
150377 0
149146 0
226836 0
421292 0
225122 0
394795 0
356123 0
275486 0
692630 0
141519 0
409026 0
165921 0
162696 0
183047 0
350365 0
152011 0
474177 0
232816 0
557223 0
174876 0
230082 0
184689 0
156533 0
158287 0
148659 0
163325 0
448527 0
200613 0
595927 0
177145 0
150532 0
276208 0
185193 0
218168 0
404408 0
250959 0
363878 0
561001 0
530029 0
870313 0
1228817 0
171387 0
238731 0
293191 0
318199 0
153322 0
369367 0
257372 0
160724 0
246616 0
460641 0
157619 0
225097 0
213890 0
264253 0
172412 0
347956 0
200249 0
157414 0
316184 0
273260 0
184840 0
234396 0
424278 0
158597 0
195072 0
438256 0
232952 0
439844 0
208953 0
485820 0
243910 0
194994 0
424377 0
152953 0
149719 0
3324341 0
381343 0
474929 0
547244 0
522689 0
204808 0
293840 0
320776 0
1055602 0
239813 0
352980 0
464893 0
441292 0
626112 0
1053780 0
168294 0
432396 0
152246 0
147595 0
154229 0
602315 0
456982 0
737536 0
576442 0
1153582 0
215259 0
423604 0
146334 0
213646 0
227474 0
382121 0
287035 0
161345 0
847932 0
1102336 0
242726 0
184694 0
397321 0
374766 0
218384 0
380937 0
483149 0
419838 0
713745 0
160730 0
3822616 0
217206 0
407485 0
4351777 0
176939 0
397844 0
182878 0
228052 0
491574 0
491574 0
206074 0
412390 0
153974 0
151449 0
146458 0
351742 0
247623 0
153966 0
163184 0
174265 0
521541 0
888578 0
891571 0
158119 0
319933 0
160267 0
232503 0
205797 0
566671 0
174099 0
371928 0
217592 0
461070 0
812028 0
405647 0
233262 0
177622 0
272373 0
166664 0
914000 0
1367929 0
1360998 0
531303 0
199278 0
154732 0
188733 0
148147 0
159514 0
171241 0
183435 0
189455 0
971978 0
466814 0
261647 0
598114 0
204230 0
435540 0
147918 0
475301 0
181691 0
159583 0
153201 0
496336 0
174007 0
264072 0
165259 0
161805 0
163038 0
216520 0
169016 0
376202 0
403710 0
274253 0
295285 0
162243 0
180151 0
160950 0
158637 0
192876 0
472731 0
393796 0
254744 0
175858 0
474622 0
215683 0
653344 0
163629 0
148332 0
236222 0
426778 0
258330 0
433052 0
232842 0
260574 0
172666 0
153581 0
153764 0
206730 0
159404 0
430095 0
186515 0
168040 0
230528 0
203401 0
200007 0
199130 0
156272 0
279709 0
692722 0
308791 0
256105 0
190949 0
170869 0
168909 0
165315 0
156637 0
396300 0
192656 0
192398 0
173206 0
167966 0
157512 0
272972 0
151606 0
199688 0
196067 0
413419 0
227918 0
176704 0
171366 0
415641 0
161706 0
171960 0
151803 0
143085 0
224210 0
385452 0
209777 0
170517 0
151012 0
237890 0
160643 0
209773 0
357655 0
611290 0
621738 0
190872 0
202181 0
345828 0
371404 0
165767 0
231231 0
309598 0
165981 0
242173 0
306264 0
723409 0
1092677 0
3252667 0
3437678 0
184061 0
268941 0
302528 0
166511 0
172611 0
6090866 0
193493 0
191933 0
269815 0
286302 0
330765 0
179846 0
187817 0
281355 0
468734 0
212303 0
583854 0
934054 0
159416 0
300338 0
168915 0
440267 0
623323 0
208383 0
422475 0
306963 0
783177 0
179048 0
160015 0
248078 0
541849 0
166953 0
193404 0
248171 0
469109 0
337117 0
300242 0
323590 0
251064 0
155929 0
227507 0
239689 0
236581 0
152862 0
149510 0
297814 0
529905 0
864559 0
234570 0
502660 0
153402 0
274382 0
542642 0
174054 0
150621 0
335756 0
962372 0
708924 0
198710 0
394923 0
145775 0
156520 0
147853 0
211260 0
448007 0
447807 0
170826 0
426991 0
169271 0
208752 0
162695 0
256925 0
487647 0
202300 0
408599 0
325656 0
755564 0
170268 0
209481 0
244212 0
484078 0
220519 0
243999 0
254964 0
488990 0
364930 0
177257 0
449088 0
818902 0
160066 0
141400 0
731066 0
975577 0
265714 0
451387 0
399445 0
689363 0
709591 0
800966 0
159600 0
140892 0
143013 0
151743 0
251818 0
477813 0
447804 0
355816 0
254336 0
179402 0
215808 0
151673 0
135315 0
1218025 0
158457 0
206789 0
339911 0
660120 0
360800 0
144757 0
642417 0
1145791 0
447417 0
241296 0
276820 0
329431 0
463331 0
233119 0
176593 0
436632 0
239309 0
227059 0
219418 0
192601 0
381537 0
152839 0
199809 0
1353631 0
208839 0
177014 0
299511 0
385341 0
309344 0
880887 0
1214194 0
1140867 0
168674 0
335867 0
255087 0
451674 0
285493 0
378375 0
372655 0
172857 0
510256 0
468094 0
382820 0
437640 0
274041 0
251451 0
365948 0
954642 0
416303 0
171759 0
544575 0
480007 0
173337 0
425917 0
170707 0
362328 0
207493 0
252569 0
349831 0
208748 0
364624 0
346964 0
